0	1756767.375
1	1452652.125
2	1208610.75
3	823211.625
4	669008.25
5	537323.9375
6	410840.09375
7	310800.75
8	536649.375
9	321143.28125
10	326938.875
11	286317.0
12	279167.25
13	273067.3125
14	267829.125
15	264912.6875
16	258938.09375
17	253394.09375
18	248241.953125
19	242914.53125
20	240386.96875
21	268851.71875
22	236965.0625
23	244314.5625
24	234217.96875
25	234235.15625
26	233372.3125
27	232334.3125
28	231528.375
29	230595.765625
30	228677.09375
31	225832.03125
32	222105.625
33	234490.8125
34	221305.515625
35	222328.90625
36	219826.828125
37	219101.15625
38	218175.875
39	216790.21875
40	214662.59375
41	212366.21875
42	222997.96875
43	210398.46875
44	213127.078125
45	209737.0625
46	209282.234375
47	208862.015625
48	208286.1875
49	207622.1875
50	206831.8125
51	205165.953125
52	202681.71875
53	199529.90625
54	208706.1875
55	231833.09375
56	198720.53125
57	207632.296875
58	197034.125
59	198047.46875
60	195571.46875
61	194631.40625
62	193554.71875
63	192564.59375
64	191153.3125
65	190521.140625
66	192861.15625
67	188437.03125
68	188064.15625
69	187370.34375
70	186591.40625
71	185689.3125
72	184483.640625
73	184489.125
74	183642.0
75	182908.953125
76	182414.1875
77	181934.625
78	181525.875
79	181707.5
80	180871.6875
81	180451.0
82	179938.203125
83	179251.828125
84	179453.15625
85	178636.28125
86	178216.65625
87	177875.75
88	177616.265625
89	177110.0625
90	176397.25
91	175832.25
92	179091.3125
93	175136.0
94	176542.0
95	174942.84375
96	175003.5
97	174607.40625
98	174346.84375
99	174080.40625
100	174018.59375
101	173814.875
102	173641.8125
103	173457.03125
104	173264.84375
105	173078.96875
106	172971.96875
107	172659.5
108	172522.1875
109	172364.4375
110	172242.5625
111	172101.125
112	171846.609375
113	171604.5625
114	171769.078125
115	171316.375
116	171086.71875
117	170844.6875
118	170612.875
119	170920.0625
120	170220.0
121	169996.578125
122	169772.65625
123	169515.125
124	170077.84375
125	169157.25
126	169058.09375
127	169056.4375
128	168861.203125
129	168725.234375
130	168663.84375
131	168526.5625
132	168404.921875
133	168309.34375
134	168203.421875
135	168048.53125
136	167979.140625
137	167854.59375
138	167763.625
139	167656.109375
140	167519.65625
141	167362.3125
142	167249.15625
143	167250.0625
144	167011.875
145	166895.25
146	166871.71875
147	166732.171875
148	166622.34375
149	166584.90625
150	166502.75
151	166372.5
152	166297.03125
153	166245.421875
154	166127.625
155	166097.296875
156	166023.375
157	165932.375
158	165873.03125
159	165817.78125
160	165740.59375
161	165672.65625
162	165615.4375
163	165555.6875
164	165485.96875
165	165381.53125
166	165279.0
167	165338.5
168	165168.453125
169	165031.25
170	165018.0
171	164964.65625
172	164806.375
173	164711.59375
174	164674.53125
175	164602.796875
176	164480.984375
177	164426.25
178	164373.5625
179	164277.125
180	164195.859375
181	164134.40625
182	164069.609375
183	164001.515625
184	163936.40625
185	163892.8125
186	163808.65625
187	163699.875
188	163596.25
189	163522.84375
190	163490.53125
191	163327.3125
192	163232.40625
193	163152.59375
194	163067.296875
195	162982.6875
196	162911.1875
197	162825.6875
198	162767.5625
199	162702.890625
200	162655.15625
201	162577.0
202	162497.640625
203	162406.5625
204	162356.375
205	162248.171875
206	162172.46875
207	162085.75
208	162012.046875
209	161909.9375
210	161810.875
211	161764.15625
212	161683.75
213	161586.375
214	161519.78125
215	161463.65625
216	161410.609375
217	161316.34375
218	161203.75
219	161065.703125
220	160982.71875
221	161006.0625
222	160742.75
223	160639.25
224	160658.0
225	160560.421875
226	160446.375
227	160406.640625
228	160366.890625
229	160297.4375
230	160246.96875
231	160171.09375
232	160081.0625
233	160029.203125
234	159998.3125
235	159886.8125
236	159823.40625
237	159786.375
238	159741.9375
239	159676.15625
240	159613.90625
241	159541.203125
242	159489.96875
243	159413.4375
244	159373.296875
245	159288.515625
246	159222.375
247	159180.0
248	159117.046875
249	159043.875
250	158984.9375
251	158917.75
252	158866.46875
253	158849.859375
254	158755.6875
255	158692.65625
256	158669.125
257	158585.53125
258	158519.59375
259	158451.15625
260	158446.4375
261	158362.296875
262	158296.359375
263	158255.953125
264	158236.0625
265	158154.71875
266	158096.25
267	158034.25
268	157991.921875
269	157934.03125
270	157893.484375
271	157834.125
272	157812.84375
273	157752.71875
274	157713.25
275	157657.171875
276	157604.375
277	157529.0625
278	157511.15625
279	157441.6875
280	157383.234375
281	157329.234375
282	157307.875
283	157244.65625
284	157205.109375
285	157137.890625
286	157084.0625
287	156986.640625
288	156945.15625
289	156859.375
290	156791.875
291	156697.09375
292	156590.28125
293	156503.875
294	156469.25
295	156364.65625
296	156288.125
297	156195.03125
298	156125.453125
299	156101.78125
300	155997.65625
301	155918.15625
302	155869.3125
303	155785.421875
304	155735.3125
305	155695.0
306	155621.15625
307	155539.71875
308	155503.125
309	155454.75
310	155370.625
311	155316.609375
312	155265.171875
313	155178.9375
314	155100.5625
315	155016.09375
316	155008.59375
317	154896.84375
318	154784.40625
319	154659.9375
320	154619.3125
321	154526.8125
322	154393.765625
323	154315.375
324	154228.53125
325	154125.296875
326	154046.140625
327	153955.15625
328	153878.125
329	153836.9375
330	153777.90625
331	153688.0
332	153593.84375
333	153473.109375
334	153414.75
335	153346.359375
336	153257.1875
337	153174.5
338	153106.71875
339	153001.546875
340	152848.234375
341	152887.03125
342	152699.71875
343	152575.21875
344	152477.15625
345	152469.5
346	152318.46875
347	152190.21875
348	152068.15625
349	151967.9375
350	151895.1875
351	151775.171875
352	151688.390625
353	151606.3125
354	151520.3125
355	151406.765625
356	151313.71875
357	151263.40625
358	151191.59375
359	151103.21875
360	151021.6875
361	150977.515625
362	150914.40625
363	150835.953125
364	150778.4375
365	150716.9375
366	150636.5625
367	150539.890625
368	150537.125
369	150424.484375
370	150315.0625
371	150247.09375
372	150231.4375
373	150115.75
374	150047.234375
375	149975.1875
376	149937.90625
377	149847.09375
378	149747.40625
379	149657.375
380	149622.671875
381	149510.6875
382	149422.921875
383	149367.6875
384	149311.21875
385	149167.5
386	149031.828125
387	148850.03125
388	148737.1875
389	148991.046875
390	148449.953125
391	148294.65625
392	148134.25
393	148084.34375
394	148010.90625
395	147830.9375
396	147733.390625
397	147674.9375
398	147594.59375
399	147484.71875
400	147360.6875
401	147258.6875
402	147259.25
403	147085.234375
404	146975.28125
405	146898.265625
406	146860.40625
407	146724.21875
408	146639.859375
409	146488.265625
410	146351.375
411	146316.078125
412	146187.328125
413	146064.4375
414	145969.8125
415	145885.375
416	145817.828125
417	145693.640625
418	145559.640625
419	145439.09375
420	145553.84375
421	145250.84375
422	145114.09375
423	145018.34375
424	145085.34375
425	144848.65625
426	144731.9375
427	144628.78125
428	144687.890625
429	144463.0625
430	144341.375
431	144345.09375
432	144298.8125
433	144130.375
434	144059.5
435	144005.984375
436	143943.09375
437	143813.78125
438	143716.4375
439	143720.09375
440	143614.25
441	143503.1875
442	143437.4375
443	143360.125
444	143282.03125
445	143202.71875
446	143136.5
447	143074.90625
448	142998.25
449	142905.328125
450	142808.71875
451	142721.15625
452	142674.609375
453	142559.4375
454	142532.609375
455	142471.265625
456	142410.65625
457	142354.96875
458	142321.71875
459	142239.03125
460	142172.1875
461	142098.4375
462	142067.84375
463	141973.53125
464	141963.015625
465	141898.3125
466	141846.0625
467	141800.6875
468	141810.234375
469	141720.125
470	141668.0
471	141642.46875
472	141597.46875
473	141521.90625
474	141466.625
475	141420.484375
476	141397.90625
477	141321.09375
478	141285.71875
479	141235.0
480	141239.4375
481	141186.671875
482	141151.703125
483	141108.46875
484	141124.453125
485	141060.734375
486	141017.171875
487	140988.96875
488	140977.625
489	140918.140625
490	140891.265625
491	140858.1875
492	140822.125
493	140770.46875
494	140728.890625
495	140721.96875
496	140676.0
497	140628.890625
498	140608.8125
499	140556.625
500	140499.28125
501	140431.53125
502	140455.6875
503	140344.21875
504	140281.125
505	140265.046875
506	140203.4375
507	140154.25
508	140124.15625
509	140118.234375
510	140080.421875
511	140040.9375
512	140008.625
513	139973.90625
514	139955.875
515	139924.015625
516	139901.09375
517	139875.125
518	139867.84375
519	139834.171875
520	139824.796875
521	139798.96875
522	139787.8125
523	139740.953125
524	139717.96875
525	139705.03125
526	139674.71875
527	139622.375
528	139598.171875
529	139586.078125
530	139536.4375
531	139504.5
532	139500.546875
533	139463.921875
534	139455.4375
535	139429.765625
536	139418.28125
537	139383.265625
538	139347.65625
539	139297.421875
540	139293.34375
541	139231.53125
542	139200.421875
543	139171.0625
544	139140.984375
545	139116.671875
546	139102.78125
547	139081.78125
548	139071.1875
549	139053.28125
550	139053.734375
551	139028.53125
552	139023.859375
553	139003.90625
554	139004.28125
555	138982.421875
556	138977.234375
557	138965.6875
558	138957.96875
559	138934.4375
560	138945.875
561	138929.25
562	138920.328125
563	138903.5625
564	138896.9375
565	138878.359375
566	138886.40625
567	138861.71875
568	138855.859375
569	138847.59375
570	138841.796875
571	138813.90625
572	138799.515625
573	138753.40625
574	138761.546875
575	138714.1875
576	138727.96875
577	138700.4375
578	138694.5
579	138678.265625
580	138675.53125
581	138658.28125
582	138666.28125
583	138644.0
584	138642.59375
585	138632.203125
586	138625.9375
587	138610.9375
588	138610.84375
589	138592.734375
590	138595.21875
591	138583.6875
592	138584.75
593	138571.75
594	138575.421875
595	138561.34375
596	138567.28125
597	138548.71875
598	138555.09375
599	138539.59375
600	138545.140625
601	138531.015625
602	138537.53125
603	138523.078125
604	138525.46875
605	138512.4375
606	138513.328125
607	138497.625
608	138502.96875
609	138488.53125
610	138493.578125
611	138479.46875
612	138483.28125
613	138467.6875
614	138471.484375
615	138454.984375
616	138458.71875
617	138442.25
618	138446.75
619	138430.875
620	138427.90625
621	138411.859375
622	138413.5625
623	138401.265625
624	138402.375
625	138387.125
626	138388.59375
627	138363.9375
628	138360.5625
629	138344.4375
630	138342.6875
631	138327.71875
632	138333.75
633	138318.21875
634	138323.234375
635	138310.46875
636	138316.25
637	138298.75
638	138301.328125
639	138286.21875
640	138284.4375
641	138262.375
642	138261.03125
643	138244.40625
644	138247.03125
645	138234.3125
646	138236.1875
647	138222.5
648	138220.34375
649	138203.515625
650	138212.59375
651	138192.6875
652	138192.359375
653	138181.375
654	138180.890625
655	138164.375
656	138171.75
657	138157.328125
658	138160.578125
659	138151.09375
660	138156.703125
661	138140.03125
662	138143.8125
663	138134.96875
664	138134.90625
665	138117.890625
666	138127.03125
667	138107.0625
668	138110.9375
669	138100.78125
670	138100.65625
671	138086.234375
672	138096.09375
673	138077.875
674	138079.5625
675	138066.390625
676	138067.328125
677	138056.0
678	138061.40625
679	138047.25
680	138051.984375
681	138043.875
682	138044.21875
683	138029.34375
684	138035.625
685	138019.09375
686	138018.875
687	138009.84375
688	138008.234375
689	137988.75
690	137995.75
691	137975.53125
692	137982.46875
693	137967.984375
694	137970.734375
695	137956.5625
696	137959.0
697	137944.34375
698	137948.78125
699	137930.75
700	137938.5
701	137922.65625
702	137928.671875
703	137914.421875
704	137919.125
705	137900.3125
706	137893.625
707	137871.625
708	137870.84375
709	137852.671875
710	137855.6875
711	137839.203125
712	137839.1875
713	137821.25
714	137820.34375
715	137816.78125
716	137811.0625
717	137791.234375
718	137784.578125
719	137766.046875
720	137763.546875
721	137748.4375
722	137749.78125
723	137734.96875
724	137734.96875
725	137716.515625
726	137718.90625
727	137704.6875
728	137705.09375
729	137691.3125
730	137692.875
731	137675.03125
732	137668.46875
733	137654.125
734	137652.96875
735	137636.5
736	137634.59375
737	137618.0625
738	137615.4375
739	137602.625
740	137604.5625
741	137591.21875
742	137592.25
743	137584.4375
744	137580.421875
745	137565.25
746	137566.96875
747	137552.40625
748	137556.984375
749	137541.09375
750	137539.25
751	137519.65625
752	137520.34375
753	137505.8125
754	137507.53125
755	137494.78125
756	137500.390625
757	137486.90625
758	137491.671875
759	137482.15625
760	137484.71875
761	137472.15625
762	137479.75
763	137466.96875
764	137473.015625
765	137463.46875
766	137468.5625
767	137457.671875
768	137465.671875
769	137454.75
770	137457.359375
771	137446.40625
772	137453.0625
773	137439.703125
774	137440.5625
775	137431.78125
776	137434.40625
777	137424.1875
778	137431.84375
779	137422.09375
780	137429.5
781	137421.09375
782	137428.28125
783	137419.625
784	137427.875
785	137418.4375
786	137426.78125
787	137417.78125
788	137425.828125
789	137416.75
790	137426.625
791	137415.40625
792	137424.734375
793	137414.890625
794	137423.1875
795	137413.9375
796	137422.8125
797	137413.109375
798	137422.09375
799	137412.28125
800	137421.28125
801	137411.375
802	137420.71875
803	137410.625
804	137419.90625
805	137410.0
806	137419.625
807	137409.28125
808	137419.375
809	137409.0
810	137418.59375
811	137408.90625
812	137418.0625
813	137408.21875
814	137417.96875
815	137408.109375
816	137416.453125
817	137407.8125
818	137415.90625
819	137406.75
820	137416.1875
821	137406.875
822	137415.53125
823	137406.8125
824	137415.25
825	137406.109375
826	137415.1875
827	137406.328125
828	137414.640625
829	137406.09375
830	137414.59375
831	137405.375
832	137414.65625
833	137405.625
834	137414.203125
835	137405.4375
836	137414.1875
837	137404.921875
838	137414.28125
839	137405.3125
840	137413.828125
841	137405.15625
842	137413.875
843	137404.703125
844	137414.015625
845	137405.046875
846	137413.59375
847	137404.96875
848	137413.625
849	137404.53125
850	137413.75
851	137404.8125
852	137413.3125
853	137404.75
854	137413.34375
855	137404.1875
856	137413.5
857	137404.53125
858	137413.09375
859	137404.4375
860	137413.125
861	137403.984375
862	137413.3125
863	137404.359375
864	137412.84375
865	137404.21875
866	137412.90625
867	137403.71875
868	137413.03125
869	137404.15625
870	137412.59375
871	137403.96875
872	137412.671875
873	137403.5
874	137412.8125
875	137403.875
876	137412.40625
877	137403.765625
878	137412.484375
879	137403.40625
880	137412.59375
881	137403.71875
882	137412.203125
883	137403.59375
884	137412.28125
885	137403.15625
886	137412.421875
887	137403.5
888	137411.96875
889	137403.375
890	137412.0625
891	137402.875
892	137412.21875
893	137403.3125
894	137411.75
895	137403.203125
896	137411.84375
897	137402.65625
898	137412.0
899	137403.15625
900	137411.5
901	137403.0
902	137411.625
903	137402.4375
904	137411.8125
905	137402.8125
906	137411.3125
907	137402.8125
908	137411.4375
909	137402.25
910	137411.59375
911	137402.578125
912	137411.125
913	137402.46875
914	137411.1875
915	137401.96875
916	137411.3125
917	137402.28125
918	137410.8125
919	137402.234375
920	137410.875
921	137401.75
922	137411.0
923	137402.09375
924	137410.5625
925	137401.96875
926	137410.703125
927	137401.53125
928	137410.84375
929	137401.84375
930	137410.34375
931	137401.71875
932	137410.4375
933	137401.28125
934	137410.546875
935	137401.5625
936	137410.09375
937	137401.46875
938	137410.203125
939	137401.0
940	137410.21875
941	137401.3125
942	137409.84375
943	137401.25
944	137409.90625
945	137400.75
946	137409.96875
947	137401.078125
948	137409.578125
949	137401.0
950	137409.71875
951	137400.5
952	137409.5625
953	137400.71875
954	137409.359375
955	137400.5
956	137409.4375
957	137400.21875
958	137409.296875
959	137400.453125
960	137409.078125
961	137400.25
962	137409.15625
963	137400.0
964	137409.03125
965	137400.234375
966	137408.90625
967	137400.0
968	137408.96875
969	137399.765625
970	137408.90625
971	137400.0
972	137408.75
973	137399.8125
974	137408.84375
975	137399.640625
976	137408.703125
977	137399.8125
978	137408.515625
979	137399.5625
980	137408.484375
981	137399.640625
982	137408.40625
983	137399.53125
984	137408.125
985	137399.40625
986	137408.25
987	137399.03125
988	137408.15625
989	137399.28125
990	137407.921875
991	137399.140625
992	137408.03125
993	137398.84375
994	137408.0
995	137399.09375
996	137407.78125
997	137398.96875
998	137407.890625
999	137398.75
1000	137407.859375
1001	137398.96875
1002	137407.671875
1003	137398.828125
1004	137407.78125
1005	137398.59375
1006	137407.703125
1007	137398.828125
1008	137407.5
1009	137398.6875
1010	137407.609375
1011	137398.40625
1012	137407.5625
1013	137398.671875
1014	137407.34375
1015	137398.5625
1016	137407.453125
1017	137398.3125
1018	137407.40625
1019	137398.5625
1020	137407.1875
1021	137398.421875
1022	137407.296875
1023	137398.109375
1024	137407.21875
1025	137398.3125
1026	137407.03125
1027	137398.125
1028	137407.0625
1029	137397.84375
1030	137406.9375
1031	137398.125
1032	137406.671875
1033	137397.90625
1034	137406.75
1035	137397.6875
1036	137406.65625
1037	137397.921875
1038	137406.46875
1039	137397.625
1040	137406.625
1041	137397.40625
1042	137406.53125
1043	137397.71875
1044	137406.28125
1045	137397.515625
1046	137406.46875
1047	137397.296875
1048	137406.359375
1049	137397.53125
1050	137406.1875
1051	137397.28125
1052	137406.375
1053	137397.0625
1054	137406.0625
1055	137397.40625
1056	137405.96875
1057	137396.96875
1058	137406.15625
1059	137396.84375
1060	137405.875
1061	137397.03125
1062	137405.734375
1063	137396.765625
1064	137405.828125
1065	137396.65625
1066	137405.625
1067	137396.84375
1068	137405.53125
1069	137396.5625
1070	137405.65625
1071	137396.46875
1072	137405.46875
1073	137396.6875
1074	137405.375
1075	137396.4375
1076	137405.5
1077	137396.34375
1078	137405.34375
1079	137396.53125
1080	137405.25
1081	137396.296875
1082	137405.375
1083	137396.171875
1084	137405.15625
1085	137396.4375
1086	137405.03125
1087	137396.09375
1088	137405.21875
1089	137396.015625
1090	137404.96875
1091	137396.25
1092	137404.875
1093	137395.96875
1094	137405.03125
1095	137395.875
1096	137404.84375
1097	137396.109375
1098	137404.71875
1099	137395.84375
1100	137404.90625
1101	137395.734375
1102	137404.75
1103	137395.953125
1104	137404.625
1105	137395.6875
1106	137404.78125
1107	137395.625
1108	137404.609375
1109	137395.8125
1110	137404.46875
1111	137395.578125
1112	137404.625
1113	137395.453125
1114	137404.4375
1115	137395.65625
1116	137404.3125
1117	137395.59375
1118	137404.3125
1119	137395.40625
1120	137404.3125
1121	137395.3125
1122	137404.203125
1123	137395.375
1124	137404.15625
1125	137395.203125
1126	137404.1875
1127	137395.125
1128	137404.046875
1129	137395.1875
1130	137403.96875
1131	137394.96875
1132	137403.875
1133	137394.703125
1134	137403.59375
1135	137394.53125
1136	137403.3125
1137	137394.21875
1138	137403.140625
1139	137393.984375
1140	137403.015625
1141	137393.8125
1142	137402.6875
1143	137393.59375
1144	137402.46875
1145	137393.3125
1146	137402.09375
1147	137392.984375
1148	137401.6875
1149	137392.8125
1150	137401.5
1151	137392.375
1152	137401.46875
1153	137392.40625
1154	137401.15625
1155	137392.4375
1156	137401.125
1157	137392.0625
1158	137401.296875
1159	137392.125
1160	137400.90625
1161	137392.34375
1162	137400.90625
1163	137391.84375
1164	137401.03125
1165	137391.8125
1166	137400.671875
1167	137391.8125
1168	137400.625
1169	137391.5625
1170	137400.5625
1171	137391.546875
1172	137400.390625
1173	137391.53125
1174	137400.34375
1175	137391.28125
1176	137400.3125
1177	137391.3125
1178	137400.203125
1179	137391.21875
1180	137400.125
1181	137391.09375
1182	137400.09375
1183	137391.125
1184	137400.0
1185	137391.0625
1186	137399.96875
1187	137391.0
1188	137399.90625
1189	137391.0
1190	137399.875
1191	137390.875
1192	137399.78125
1193	137390.75
1194	137399.71875
1195	137390.671875
1196	137399.53125
1197	137390.46875
1198	137399.359375
1199	137390.34375
1200	137399.265625
1201	137390.125
1202	137399.0625
1203	137390.0
1204	137398.953125
1205	137389.84375
1206	137398.875
1207	137389.8125
1208	137398.6875
1209	137389.65625
1210	137398.625
1211	137389.53125
1212	137398.59375
1213	137389.53125
1214	137398.5
1215	137389.421875
1216	137398.4375
1217	137389.34375
1218	137398.4375
1219	137389.34375
1220	137398.3125
1221	137389.234375
1222	137398.265625
1223	137389.15625
1224	137398.265625
1225	137389.15625
1226	137398.1875
1227	137389.125
1228	137398.125
1229	137389.03125
1230	137398.15625
1231	137389.03125
1232	137398.09375
1233	137388.984375
1234	137398.03125
1235	137388.9375
1236	137398.0
1237	137388.9375
1238	137397.921875
1239	137388.84375
1240	137397.890625
1241	137388.78125
1242	137397.84375
1243	137388.78125
1244	137397.78125
1245	137388.75
1246	137397.78125
1247	137388.671875
1248	137397.78125
1249	137388.71875
1250	137397.71875
1251	137388.640625
1252	137397.671875
1253	137388.625
1254	137397.640625
1255	137388.59375
1256	137397.625
1257	137388.53125
1258	137397.59375
1259	137388.546875
1260	137397.5625
1261	137388.53125
1262	137397.5625
1263	137388.4375
1264	137397.53125
1265	137388.4375
1266	137397.5
1267	137388.4375
1268	137397.46875
1269	137388.375
1270	137397.453125
1271	137388.375
1272	137397.40625
1273	137388.40625
1274	137397.390625
1275	137388.3125
1276	137397.375
1277	137388.25
1278	137397.34375
1279	137388.28125
1280	137397.3125
1281	137388.21875
1282	137397.3125
1283	137388.21875
1284	137397.25
1285	137388.21875
1286	137397.25
1287	137388.15625
1288	137397.21875
1289	137388.125
1290	137397.1875
1291	137388.15625
1292	137397.171875
1293	137388.09375
1294	137397.15625
1295	137388.0625
1296	137397.140625
1297	137388.09375
1298	137397.125
1299	137388.046875
1300	137397.09375
1301	137388.0
1302	137397.078125
1303	137388.03125
1304	137397.046875
1305	137387.984375
1306	137397.046875
1307	137387.9375
1308	137397.0
1309	137387.96875
1310	137397.0
1311	137387.921875
1312	137396.984375
1313	137387.875
1314	137396.96875
1315	137387.90625
1316	137396.953125
1317	137387.875
1318	137396.953125
1319	137387.84375
1320	137396.90625
1321	137387.875
1322	137396.90625
1323	137387.8125
1324	137396.90625
1325	137387.8125
1326	137396.875
1327	137387.828125
1328	137396.859375
1329	137387.796875
1330	137396.84375
1331	137387.75
1332	137396.828125
1333	137387.765625
1334	137396.78125
1335	137387.71875
1336	137396.78125
1337	137387.671875
1338	137396.765625
1339	137387.6875
1340	137396.71875
1341	137387.609375
1342	137396.6875
1343	137387.5625
1344	137396.625
1345	137387.546875
1346	137396.5625
1347	137387.453125
1348	137396.484375
1349	137387.421875
1350	137396.296875
1351	137387.21875
1352	137396.21875
1353	137387.0625
1354	137396.09375
1355	137386.84375
1356	137395.875
1357	137386.703125
1358	137395.9375
1359	137386.625
1360	137395.84375
1361	137386.5625
1362	137395.71875
1363	137386.546875
1364	137395.625
1365	137386.484375
1366	137395.546875
1367	137386.4375
1368	137395.5
1369	137386.4375
1370	137395.46875
1371	137386.375
1372	137395.4375
1373	137386.3125
1374	137395.40625
1375	137386.296875
1376	137395.390625
1377	137386.234375
1378	137395.375
1379	137386.203125
1380	137395.328125
1381	137386.25
1382	137395.3125
1383	137386.1875
1384	137395.296875
1385	137386.15625
1386	137395.28125
1387	137386.1875
1388	137395.25
1389	137386.15625
1390	137395.234375
1391	137386.09375
1392	137395.21875
1393	137386.125
1394	137395.21875
1395	137386.0625
1396	137395.1875
1397	137386.109375
1398	137395.15625
1399	137386.09375
1400	137395.15625
1401	137386.046875
1402	137395.140625
1403	137386.0
1404	137395.125
1405	137386.0625
1406	137395.125
1407	137386.03125
1408	137395.09375
1409	137385.96875
1410	137395.09375
1411	137386.0
1412	137395.078125
1413	137385.9375
1414	137395.0625
1415	137385.921875
1416	137395.03125
1417	137385.96875
1418	137395.03125
1419	137385.90625
1420	137395.03125
1421	137385.859375
1422	137394.96875
1423	137385.90625
1424	137394.953125
1425	137385.84375
1426	137394.9375
1427	137385.8125
1428	137394.90625
1429	137385.84375
1430	137394.90625
1431	137385.78125
1432	137394.90625
1433	137385.78125
1434	137394.875
1435	137385.8125
1436	137394.859375
1437	137385.75
1438	137394.84375
1439	137385.71875
1440	137394.828125
1441	137385.75
1442	137394.828125
1443	137385.6875
1444	137394.8125
1445	137385.6875
1446	137394.8125
1447	137385.71875
1448	137394.78125
1449	137385.65625
1450	137394.765625
1451	137385.65625
1452	137394.71875
1453	137385.6875
1454	137394.734375
1455	137385.625
1456	137394.71875
1457	137385.59375
1458	137394.6875
1459	137385.625
1460	137394.6875
1461	137385.578125
1462	137394.671875
1463	137385.5625
1464	137394.65625
1465	137385.59375
1466	137394.640625
1467	137385.546875
1468	137394.640625
1469	137385.515625
1470	137394.625
1471	137385.5625
1472	137394.625
1473	137385.5
1474	137394.609375
1475	137385.46875
1476	137394.59375
1477	137385.515625
1478	137394.578125
1479	137385.46875
1480	137394.5625
1481	137385.4375
1482	137394.546875
1483	137385.46875
1484	137394.53125
1485	137385.421875
1486	137394.515625
1487	137385.40625
1488	137394.5
1489	137385.40625
1490	137394.5
1491	137385.375
1492	137394.46875
1493	137385.34375
1494	137394.4375
1495	137385.375
1496	137394.421875
1497	137385.34375
1498	137394.421875
1499	137385.3125
1500	137394.40625
1501	137385.34375
1502	137394.40625
1503	137385.3125
1504	137394.390625
1505	137385.28125
1506	137394.375
1507	137385.3125
1508	137394.375
1509	137385.28125
1510	137394.359375
1511	137385.25
1512	137394.34375
1513	137385.28125
1514	137394.34375
1515	137385.234375
1516	137394.3125
1517	137385.203125
1518	137394.296875
1519	137385.25
1520	137394.28125
1521	137385.1875
1522	137394.28125
1523	137385.15625
1524	137394.25
1525	137385.1875
1526	137394.25
1527	137385.15625
1528	137394.234375
1529	137385.125
1530	137394.21875
1531	137385.15625
1532	137394.21875
1533	137385.109375
1534	137394.203125
1535	137385.09375
1536	137394.1875
1537	137385.125
1538	137394.1875
1539	137385.078125
1540	137394.15625
1541	137385.078125
1542	137394.15625
1543	137385.09375
1544	137394.125
1545	137385.03125
1546	137394.125
1547	137385.0
1548	137394.109375
1549	137385.046875
1550	137394.09375
1551	137385.015625
1552	137394.09375
1553	137384.984375
1554	137394.0625
1555	137385.015625
1556	137394.0625
1557	137384.96875
1558	137394.0625
1559	137384.9375
1560	137394.03125
1561	137384.984375
1562	137394.03125
1563	137384.9375
1564	137394.03125
1565	137384.921875
1566	137394.0
1567	137384.953125
1568	137394.0
1569	137384.90625
1570	137394.0
1571	137384.890625
1572	137393.984375
1573	137384.921875
1574	137393.96875
1575	137384.890625
1576	137393.96875
1577	137384.84375
1578	137393.9375
1579	137384.875
1580	137393.953125
1581	137384.84375
1582	137393.9375
1583	137384.8125
1584	137393.921875
1585	137384.84375
1586	137393.90625
1587	137384.8125
1588	137393.90625
1589	137384.78125
1590	137393.875
1591	137384.828125
1592	137393.875
1593	137384.78125
1594	137393.875
1595	137384.75
1596	137393.84375
1597	137384.78125
1598	137393.84375
1599	137384.75
1600	137393.84375
1601	137384.71875
1602	137393.828125
1603	137384.75
1604	137393.8125
1605	137384.71875
1606	137393.796875
1607	137384.6875
1608	137393.78125
1609	137384.734375
1610	137393.78125
1611	137384.6875
1612	137393.78125
1613	137384.640625
1614	137393.75
1615	137384.6875
1616	137393.75
1617	137384.625
1618	137393.734375
1619	137384.609375
1620	137393.71875
1621	137384.65625
1622	137393.71875
1623	137384.609375
1624	137393.71875
1625	137384.578125
1626	137393.703125
1627	137384.640625
1628	137393.6875
1629	137384.59375
1630	137393.6875
1631	137384.5625
1632	137393.65625
1633	137384.59375
1634	137393.65625
1635	137384.5625
1636	137393.65625
1637	137384.53125
1638	137393.640625
1639	137384.5625
1640	137393.640625
1641	137384.53125
1642	137393.625
1643	137384.5
1644	137393.609375
1645	137384.53125
1646	137393.59375
1647	137384.5
1648	137393.59375
1649	137384.46875
1650	137393.578125
1651	137384.5
1652	137393.578125
1653	137384.46875
1654	137393.5625
1655	137384.4375
1656	137393.546875
1657	137384.484375
1658	137393.546875
1659	137384.4375
1660	137393.53125
1661	137384.40625
1662	137393.53125
1663	137384.46875
1664	137393.53125
1665	137384.40625
1666	137393.5
1667	137384.390625
1668	137393.5
1669	137384.421875
1670	137393.5
1671	137384.375
1672	137393.484375
1673	137384.359375
1674	137393.46875
1675	137384.390625
1676	137393.46875
1677	137384.34375
1678	137393.453125
1679	137384.328125
1680	137393.4375
1681	137384.375
1682	137393.4375
1683	137384.3125
1684	137393.4375
1685	137384.296875
1686	137393.40625
1687	137384.34375
1688	137393.40625
1689	137384.28125
1690	137393.40625
1691	137384.28125
1692	137393.375
1693	137384.3125
1694	137393.375
1695	137384.25
1696	137393.375
1697	137384.25
1698	137393.34375
1699	137384.265625
1700	137393.34375
1701	137384.21875
1702	137393.34375
1703	137384.203125
1704	137393.3125
1705	137384.234375
1706	137393.3125
1707	137384.203125
1708	137393.3125
1709	137384.1875
1710	137393.28125
1711	137384.21875
1712	137393.28125
1713	137384.15625
1714	137393.28125
1715	137384.140625
1716	137393.25
1717	137384.1875
1718	137393.25
1719	137384.140625
1720	137393.25
1721	137384.125
1722	137393.234375
1723	137384.171875
1724	137393.21875
1725	137384.109375
1726	137393.21875
1727	137384.078125
1728	137393.1875
1729	137384.125
1730	137393.203125
1731	137384.09375
1732	137393.1875
1733	137384.046875
1734	137393.171875
1735	137384.09375
1736	137393.15625
1737	137384.03125
1738	137393.171875
1739	137384.015625
1740	137393.125
1741	137384.046875
1742	137393.125
1743	137384.0
1744	137393.125
1745	137384.0
1746	137393.109375
1747	137384.015625
1748	137393.09375
1749	137383.96875
1750	137393.09375
1751	137383.953125
1752	137393.0625
1753	137384.0
1754	137393.0625
1755	137383.953125
1756	137393.0625
1757	137383.9375
1758	137393.03125
1759	137383.96875
1760	137393.03125
1761	137383.90625
1762	137393.03125
1763	137383.875
1764	137393.0
1765	137383.921875
1766	137393.0
1767	137383.875
1768	137392.96875
1769	137383.84375
1770	137392.96875
1771	137383.875
1772	137392.984375
1773	137383.84375
1774	137392.953125
1775	137383.8125
1776	137392.9375
1777	137383.84375
1778	137392.921875
1779	137383.796875
1780	137392.90625
1781	137383.78125
1782	137392.90625
1783	137383.8125
1784	137392.890625
1785	137383.78125
1786	137392.890625
1787	137383.75
1788	137392.875
1789	137383.78125
1790	137392.875
1791	137383.75
1792	137392.84375
1793	137383.71875
1794	137392.84375
1795	137383.75
1796	137392.84375
1797	137383.6875
1798	137392.8125
1799	137383.671875
1800	137392.8125
1801	137383.734375
1802	137392.796875
1803	137383.65625
1804	137392.8125
1805	137383.65625
1806	137392.78125
1807	137383.71875
1808	137392.78125
1809	137383.625
1810	137392.765625
1811	137383.625
1812	137392.734375
1813	137383.65625
1814	137392.71875
1815	137383.59375
1816	137392.71875
1817	137383.5625
1818	137392.6875
1819	137383.59375
1820	137392.6875
1821	137383.5625
1822	137392.6875
1823	137383.53125
1824	137392.65625
1825	137383.578125
1826	137392.671875
1827	137383.546875
1828	137392.65625
1829	137383.515625
1830	137392.65625
1831	137383.5625
1832	137392.65625
1833	137383.5
1834	137392.625
1835	137383.484375
1836	137392.625
1837	137383.53125
1838	137392.625
1839	137383.484375
1840	137392.625
1841	137383.46875
1842	137392.59375
1843	137383.5
1844	137392.59375
1845	137383.46875
1846	137392.59375
1847	137383.4375
1848	137392.578125
1849	137383.46875
1850	137392.578125
1851	137383.4375
1852	137392.5625
1853	137383.40625
1854	137392.5625
1855	137383.453125
1856	137392.546875
1857	137383.40625
1858	137392.546875
1859	137383.40625
1860	137392.53125
1861	137383.4375
1862	137392.53125
1863	137383.390625
1864	137392.515625
1865	137383.375
1866	137392.5
1867	137383.40625
1868	137392.5
1869	137383.375
1870	137392.5
1871	137383.34375
1872	137392.46875
1873	137383.375
1874	137392.46875
1875	137383.34375
1876	137392.46875
1877	137383.3125
1878	137392.4375
1879	137383.359375
1880	137392.4375
1881	137383.3125
1882	137392.4375
1883	137383.28125
1884	137392.421875
1885	137383.328125
1886	137392.40625
1887	137383.28125
1888	137392.40625
1889	137383.265625
1890	137392.390625
1891	137383.3125
1892	137392.40625
1893	137383.265625
1894	137392.40625
1895	137383.234375
1896	137392.375
1897	137383.28125
1898	137392.375
1899	137383.25
1900	137392.375
1901	137383.21875
1902	137392.34375
1903	137383.265625
1904	137392.34375
1905	137383.21875
1906	137392.34375
1907	137383.203125
1908	137392.34375
1909	137383.234375
1910	137392.328125
1911	137383.1875
1912	137392.328125
1913	137383.1875
1914	137392.3125
1915	137383.21875
1916	137392.3125
1917	137383.1875
1918	137392.296875
1919	137383.15625
1920	137392.28125
1921	137383.1875
1922	137392.28125
1923	137383.15625
1924	137392.28125
1925	137383.125
1926	137392.265625
1927	137383.171875
1928	137392.265625
1929	137383.125
1930	137392.25
1931	137383.125
1932	137392.25
1933	137383.15625
1934	137392.25
1935	137383.109375
1936	137392.25
1937	137383.09375
1938	137392.21875
1939	137383.140625
1940	137392.21875
1941	137383.09375
1942	137392.21875
1943	137383.078125
1944	137392.1875
1945	137383.09375
1946	137392.1875
1947	137383.0625
1948	137392.1875
1949	137383.03125
1950	137392.171875
1951	137383.09375
1952	137392.15625
1953	137383.03125
1954	137392.15625
1955	137383.015625
1956	137392.15625
1957	137383.0625
1958	137392.15625
1959	137383.0
1960	137392.15625
1961	137382.984375
1962	137392.125
1963	137383.03125
1964	137392.125
1965	137383.0
1966	137392.125
1967	137382.96875
1968	137392.09375
1969	137383.03125
1970	137392.09375
1971	137382.96875
1972	137392.09375
1973	137382.9375
1974	137392.0625
1975	137382.984375
1976	137392.078125
1977	137382.9375
1978	137392.0625
1979	137382.921875
1980	137392.046875
1981	137382.96875
1982	137392.0625
1983	137382.90625
1984	137392.03125
1985	137382.90625
1986	137392.03125
1987	137382.9375
1988	137392.015625
1989	137382.890625
1990	137392.0
1991	137382.875
1992	137392.0
1993	137382.90625
1994	137391.984375
1995	137382.875
1996	137391.984375
1997	137382.84375
1998	137391.96875
1999	137382.875
2000	137391.96875
2001	137382.828125
2002	137391.953125
2003	137382.8125
2004	137391.9375
2005	137382.859375
2006	137391.9375
2007	137382.828125
2008	137391.9375
2009	137382.796875
2010	137391.921875
2011	137382.84375
2012	137391.9375
2013	137382.8125
2014	137391.921875
2015	137382.78125
2016	137391.90625
2017	137382.8125
2018	137391.90625
2019	137382.78125
2020	137391.90625
2021	137382.75
2022	137391.875
2023	137382.796875
2024	137391.875
2025	137382.75
2026	137391.875
2027	137382.75
2028	137391.859375
2029	137382.78125
2030	137391.84375
2031	137382.734375
2032	137391.84375
2033	137382.71875
2034	137391.84375
2035	137382.75
2036	137391.84375
2037	137382.71875
2038	137391.84375
2039	137382.6875
2040	137391.8125
2041	137382.75
2042	137391.796875
2043	137382.6875
2044	137391.8125
2045	137382.65625
2046	137391.78125
2047	137382.703125
2048	137391.78125
2049	137382.671875
2050	137391.78125
2051	137382.65625
2052	137391.765625
2053	137382.6875
2054	137391.765625
2055	137382.640625
2056	137391.75
2057	137382.625
2058	137391.734375
2059	137382.65625
2060	137391.734375
2061	137382.625
2062	137391.71875
2063	137382.59375
2064	137391.71875
2065	137382.625
2066	137391.703125
2067	137382.578125
2068	137391.703125
2069	137382.5625
2070	137391.6875
2071	137382.609375
2072	137391.65625
2073	137382.578125
2074	137391.671875
2075	137382.53125
2076	137391.65625
2077	137382.59375
2078	137391.65625
2079	137382.5625
2080	137391.640625
2081	137382.53125
2082	137391.640625
2083	137382.5625
2084	137391.625
2085	137382.53125
2086	137391.625
2087	137382.5
2088	137391.609375
2089	137382.53125
2090	137391.59375
2091	137382.46875
2092	137391.59375
2093	137382.46875
2094	137391.578125
2095	137382.484375
2096	137391.5625
2097	137382.453125
2098	137391.5625
2099	137382.421875
2100	137391.546875
2101	137382.484375
2102	137391.5625
2103	137382.4375
2104	137391.5625
2105	137382.421875
2106	137391.53125
2107	137382.46875
2108	137391.53125
2109	137382.421875
2110	137391.53125
2111	137382.40625
2112	137391.515625
2113	137382.4375
2114	137391.515625
2115	137382.390625
2116	137391.5
2117	137382.375
2118	137391.484375
2119	137382.40625
2120	137391.484375
2121	137382.375
2122	137391.46875
2123	137382.34375
2124	137391.46875
2125	137382.390625
2126	137391.46875
2127	137382.359375
2128	137391.46875
2129	137382.328125
2130	137391.4375
2131	137382.375
2132	137391.4375
2133	137382.34375
2134	137391.4375
2135	137382.3125
2136	137391.4375
2137	137382.34375
2138	137391.421875
2139	137382.328125
2140	137391.40625
2141	137382.296875
2142	137391.40625
2143	137382.328125
2144	137391.40625
2145	137382.28125
2146	137391.40625
2147	137382.28125
2148	137391.390625
2149	137382.3125
2150	137391.375
2151	137382.265625
2152	137391.375
2153	137382.25
2154	137391.359375
2155	137382.28125
2156	137391.375
2157	137382.25
2158	137391.359375
2159	137382.21875
2160	137391.34375
2161	137382.265625
2162	137391.34375
2163	137382.21875
2164	137391.34375
2165	137382.203125
2166	137391.3125
2167	137382.25
2168	137391.328125
2169	137382.1875
2170	137391.3125
2171	137382.1875
2172	137391.3125
2173	137382.21875
2174	137391.296875
2175	137382.1875
2176	137391.296875
2177	137382.171875
2178	137391.28125
2179	137382.203125
2180	137391.28125
2181	137382.15625
2182	137391.28125
2183	137382.125
2184	137391.25
2185	137382.1875
2186	137391.25
2187	137382.15625
2188	137391.25
2189	137382.125
2190	137391.234375
2191	137382.15625
2192	137391.25
2193	137382.125
2194	137391.21875
2195	137382.09375
2196	137391.21875
2197	137382.15625
2198	137391.21875
2199	137382.09375
2200	137391.21875
2201	137382.078125
2202	137391.1875
2203	137382.125
2204	137391.1875
2205	137382.0625
2206	137391.1875
2207	137382.03125
2208	137391.171875
2209	137382.09375
2210	137391.15625
2211	137382.0625
2212	137391.15625
2213	137382.03125
2214	137391.15625
2215	137382.0625
2216	137391.140625
2217	137382.03125
2218	137391.125
2219	137382.0
2220	137391.125
2221	137382.0625
2222	137391.125
2223	137382.0
2224	137391.125
2225	137381.984375
2226	137391.09375
2227	137382.03125
2228	137391.09375
2229	137381.96875
2230	137391.09375
2231	137381.96875
2232	137391.09375
2233	137382.0
2234	137391.09375
2235	137381.96875
2236	137391.0625
2237	137381.953125
2238	137391.0625
2239	137381.984375
2240	137391.0625
2241	137381.953125
2242	137391.0625
2243	137381.9375
2244	137391.046875
2245	137381.96875
2246	137391.03125
2247	137381.90625
2248	137391.03125
2249	137381.90625
2250	137391.015625
2251	137381.9375
2252	137391.03125
2253	137381.890625
2254	137391.015625
2255	137381.875
2256	137391.0
2257	137381.9375
2258	137391.0
2259	137381.875
2260	137391.0
2261	137381.875
2262	137390.96875
2263	137381.890625
2264	137390.984375
2265	137381.859375
2266	137390.96875
2267	137381.84375
2268	137390.9375
2269	137381.875
2270	137390.9375
2271	137381.828125
2272	137390.9375
2273	137381.796875
2274	137390.90625
2275	137381.84375
2276	137390.90625
2277	137381.8125
2278	137390.90625
2279	137381.78125
2280	137390.890625
2281	137381.828125
2282	137390.890625
2283	137381.78125
2284	137390.875
2285	137381.75
2286	137390.859375
2287	137381.78125
2288	137390.859375
2289	137381.75
2290	137390.84375
2291	137381.734375
2292	137390.828125
2293	137381.75
2294	137390.828125
2295	137381.71875
2296	137390.8125
2297	137381.6875
2298	137390.8125
2299	137381.734375
2300	137390.8125
2301	137381.6875
2302	137390.8125
2303	137381.671875
2304	137390.78125
2305	137381.71875
2306	137390.78125
2307	137381.65625
2308	137390.765625
2309	137381.625
2310	137390.75
2311	137381.65625
2312	137390.75
2313	137381.625
2314	137390.734375
2315	137381.59375
2316	137390.71875
2317	137381.65625
2318	137390.71875
2319	137381.59375
2320	137390.71875
2321	137381.578125
2322	137390.6875
2323	137381.625
2324	137390.6875
2325	137381.578125
2326	137390.6875
2327	137381.5625
2328	137390.6875
2329	137381.59375
2330	137390.671875
2331	137381.5625
2332	137390.65625
2333	137381.546875
2334	137390.65625
2335	137381.578125
2336	137390.65625
2337	137381.53125
2338	137390.640625
2339	137381.515625
2340	137390.625
2341	137381.5625
2342	137390.625
2343	137381.5
2344	137390.625
2345	137381.484375
2346	137390.59375
2347	137381.515625
2348	137390.59375
2349	137381.5
2350	137390.578125
2351	137381.4375
2352	137390.5625
2353	137381.5
2354	137390.5625
2355	137381.4375
2356	137390.5625
2357	137381.421875
2358	137390.53125
2359	137381.484375
2360	137390.53125
2361	137381.4375
2362	137390.53125
2363	137381.40625
2364	137390.53125
2365	137381.453125
2366	137390.5
2367	137381.390625
2368	137390.5
2369	137381.375
2370	137390.484375
2371	137381.40625
2372	137390.484375
2373	137381.375
2374	137390.46875
2375	137381.34375
2376	137390.46875
2377	137381.40625
2378	137390.46875
2379	137381.34375
2380	137390.46875
2381	137381.328125
2382	137390.453125
2383	137381.375
2384	137390.46875
2385	137381.34375
2386	137390.4375
2387	137381.3125
2388	137390.4375
2389	137381.359375
2390	137390.4375
2391	137381.3125
2392	137390.421875
2393	137381.296875
2394	137390.40625
2395	137381.34375
2396	137390.40625
2397	137381.296875
2398	137390.40625
2399	137381.25
2400	137390.375
2401	137381.3125
2402	137390.375
2403	137381.25
2404	137390.375
2405	137381.234375
2406	137390.34375
2407	137381.25
2408	137390.34375
2409	137381.21875
2410	137390.34375
2411	137381.1875
2412	137390.328125
2413	137381.25
2414	137390.3125
2415	137381.21875
2416	137390.3125
2417	137381.1875
2418	137390.3125
2419	137381.21875
2420	137390.3125
2421	137381.1875
2422	137390.3125
2423	137381.171875
2424	137390.28125
2425	137381.21875
2426	137390.28125
2427	137381.15625
2428	137390.28125
2429	137381.140625
2430	137390.25
2431	137381.1875
2432	137390.25
2433	137381.15625
2434	137390.265625
2435	137381.125
2436	137390.25
2437	137381.15625
2438	137390.234375
2439	137381.125
2440	137390.21875
2441	137381.09375
2442	137390.1875
2443	137381.1875
2444	137390.203125
2445	137381.078125
2446	137390.1875
2447	137381.0625
2448	137390.171875
2449	137381.09375
2450	137390.171875
2451	137381.0625
2452	137390.15625
2453	137381.03125
2454	137390.15625
2455	137381.0625
2456	137390.125
2457	137381.03125
2458	137390.125
2459	137381.0
2460	137390.109375
2461	137381.046875
2462	137390.09375
2463	137381.0
2464	137390.09375
2465	137380.96875
2466	137390.09375
2467	137381.015625
2468	137390.09375
2469	137380.96875
2470	137390.09375
2471	137380.953125
2472	137390.0625
2473	137380.984375
2474	137390.0625
2475	137380.9375
2476	137390.046875
2477	137380.90625
2478	137390.03125
2479	137380.953125
2480	137390.03125
2481	137380.90625
2482	137390.03125
2483	137380.90625
2484	137390.015625
2485	137380.9375
2486	137390.03125
2487	137380.90625
2488	137390.015625
2489	137380.875
2490	137390.0
2491	137380.921875
2492	137390.0
2493	137380.875
2494	137390.0
2495	137380.859375
2496	137389.96875
2497	137380.90625
2498	137389.96875
2499	137380.875
2500	137389.96875
2501	137380.828125
2502	137389.9375
2503	137380.84375
2504	137389.9375
2505	137380.8125
2506	137389.9375
2507	137380.78125
2508	137389.90625
2509	137380.84375
2510	137389.890625
2511	137380.78125
2512	137389.90625
2513	137380.765625
2514	137389.875
2515	137380.796875
2516	137389.875
2517	137380.75
2518	137389.875
2519	137380.734375
2520	137389.859375
2521	137380.78125
2522	137389.84375
2523	137380.75
2524	137389.84375
2525	137380.71875
2526	137389.84375
2527	137380.75
2528	137389.828125
2529	137380.703125
2530	137389.828125
2531	137380.6875
2532	137389.8125
2533	137380.71875
2534	137389.8125
2535	137380.6875
2536	137389.8125
2537	137380.65625
2538	137389.78125
2539	137380.71875
2540	137389.78125
2541	137380.671875
2542	137389.796875
2543	137380.65625
2544	137389.78125
2545	137380.6875
2546	137389.78125
2547	137380.65625
2548	137389.78125
2549	137380.625
2550	137389.75
2551	137380.671875
2552	137389.75
2553	137380.640625
2554	137389.75
2555	137380.609375
2556	137389.71875
2557	137380.65625
2558	137389.71875
2559	137380.59375
2560	137389.71875
2561	137380.59375
2562	137389.6875
2563	137380.625
2564	137389.6875
2565	137380.578125
2566	137389.6875
2567	137380.5625
2568	137389.65625
2569	137380.59375
2570	137389.65625
2571	137380.546875
2572	137389.671875
2573	137380.53125
2574	137389.65625
2575	137380.578125
2576	137389.65625
2577	137380.546875
2578	137389.65625
2579	137380.5
2580	137389.625
2581	137380.53125
2582	137389.625
2583	137380.5
2584	137389.625
2585	137380.5
2586	137389.609375
2587	137380.53125
2588	137389.609375
2589	137380.46875
2590	137389.59375
2591	137380.46875
2592	137389.59375
2593	137380.5
2594	137389.59375
2595	137380.46875
2596	137389.578125
2597	137380.4375
2598	137389.546875
2599	137380.46875
2600	137389.5625
2601	137380.4375
2602	137389.5625
2603	137380.40625
2604	137389.53125
2605	137380.4375
2606	137389.515625
2607	137380.40625
2608	137389.515625
2609	137380.375
2610	137389.5
2611	137380.421875
2612	137389.5
2613	137380.375
2614	137389.5
2615	137380.34375
2616	137389.46875
2617	137380.40625
2618	137389.46875
2619	137380.34375
2620	137389.46875
2621	137380.34375
2622	137389.46875
2623	137380.375
2624	137389.453125
2625	137380.328125
2626	137389.453125
2627	137380.328125
2628	137389.4375
2629	137380.359375
2630	137389.4375
2631	137380.3125
2632	137389.4375
2633	137380.28125
2634	137389.40625
2635	137380.3125
2636	137389.40625
2637	137380.296875
2638	137389.40625
2639	137380.25
2640	137389.40625
2641	137380.296875
2642	137389.375
2643	137380.25
2644	137389.375
2645	137380.25
2646	137389.34375
2647	137380.265625
2648	137389.34375
2649	137380.21875
2650	137389.34375
2651	137380.1875
2652	137389.3125
2653	137380.234375
2654	137389.328125
2655	137380.1875
2656	137389.328125
2657	137380.1875
2658	137389.3125
2659	137380.21875
2660	137389.3125
2661	137380.171875
2662	137389.3125
2663	137380.15625
2664	137389.28125
2665	137380.21875
2666	137389.28125
2667	137380.15625
2668	137389.28125
2669	137380.15625
2670	137389.28125
2671	137380.1875
2672	137389.265625
2673	137380.125
2674	137389.25
2675	137380.109375
2676	137389.25
2677	137380.15625
2678	137389.25
2679	137380.125
2680	137389.234375
2681	137380.078125
2682	137389.21875
2683	137380.125
2684	137389.21875
2685	137380.09375
2686	137389.21875
2687	137380.0625
2688	137389.1875
2689	137380.109375
2690	137389.1875
2691	137380.0625
2692	137389.1875
2693	137380.046875
2694	137389.171875
2695	137380.09375
2696	137389.140625
2697	137380.078125
2698	137389.15625
2699	137380.0
2700	137389.15625
2701	137380.0625
2702	137389.125
2703	137380.0
2704	137389.125
2705	137379.96875
2706	137389.125
2707	137380.0
2708	137389.09375
2709	137379.984375
2710	137389.09375
2711	137379.9375
2712	137389.09375
2713	137379.984375
2714	137389.09375
2715	137379.953125
2716	137389.078125
2717	137379.921875
2718	137389.046875
2719	137379.96875
2720	137389.0625
2721	137379.90625
2722	137389.046875
2723	137379.90625
2724	137389.03125
2725	137379.9375
2726	137389.03125
2727	137379.890625
2728	137389.03125
2729	137379.875
2730	137389.015625
2731	137379.90625
2732	137389.0
2733	137379.875
2734	137389.0
2735	137379.875
2736	137388.984375
2737	137379.890625
2738	137388.96875
2739	137379.875
2740	137388.96875
2741	137379.84375
2742	137388.96875
2743	137379.859375
2744	137388.953125
2745	137379.84375
2746	137388.953125
2747	137379.78125
2748	137388.9375
2749	137379.8125
2750	137388.9375
2751	137379.78125
2752	137388.90625
2753	137379.765625
2754	137388.890625
2755	137379.8125
2756	137388.890625
2757	137379.75
2758	137388.875
2759	137379.75
2760	137388.859375
2761	137379.8125
2762	137388.875
2763	137379.71875
2764	137388.859375
2765	137379.6875
2766	137388.828125
2767	137379.734375
2768	137388.828125
2769	137379.6875
2770	137388.8125
2771	137379.65625
2772	137388.8125
2773	137379.703125
2774	137388.796875
2775	137379.65625
2776	137388.8125
2777	137379.640625
2778	137388.78125
2779	137379.6875
2780	137388.78125
2781	137379.65625
2782	137388.78125
2783	137379.625
2784	137388.765625
2785	137379.65625
2786	137388.765625
2787	137379.625
2788	137388.765625
2789	137379.609375
2790	137388.75
2791	137379.65625
2792	137388.75
2793	137379.609375
2794	137388.734375
2795	137379.609375
2796	137388.71875
2797	137379.625
2798	137388.71875
2799	137379.59375
2800	137388.71875
2801	137379.5625
2802	137388.703125
2803	137379.59375
2804	137388.6875
2805	137379.5625
2806	137388.6875
2807	137379.53125
2808	137388.6875
2809	137379.59375
2810	137388.6875
2811	137379.53125
2812	137388.6875
2813	137379.515625
2814	137388.65625
2815	137379.5625
2816	137388.65625
2817	137379.5
2818	137388.65625
2819	137379.515625
2820	137388.625
2821	137379.53125
2822	137388.640625
2823	137379.484375
2824	137388.640625
2825	137379.484375
2826	137388.609375
2827	137379.515625
2828	137388.625
2829	137379.46875
2830	137388.59375
2831	137379.4375
2832	137388.59375
2833	137379.5
2834	137388.578125
2835	137379.453125
2836	137388.578125
2837	137379.4375
2838	137388.5625
2839	137379.46875
2840	137388.5625
2841	137379.421875
2842	137388.5625
2843	137379.40625
2844	137388.53125
2845	137379.4375
2846	137388.515625
2847	137379.4375
2848	137388.5
2849	137379.34375
2850	137388.5
2851	137379.375
2852	137388.484375
2853	137379.34375
2854	137388.46875
2855	137379.296875
2856	137388.4375
2857	137379.328125
2858	137388.4375
2859	137379.28125
2860	137388.4375
2861	137379.265625
2862	137388.40625
2863	137379.3125
2864	137388.40625
2865	137379.25
2866	137388.40625
2867	137379.25
2868	137388.40625
2869	137379.296875
2870	137388.40625
2871	137379.25
2872	137388.390625
2873	137379.25
2874	137388.375
2875	137379.28125
2876	137388.40625
2877	137379.25
2878	137388.375
2879	137379.21875
2880	137388.375
2881	137379.28125
2882	137388.375
2883	137379.21875
2884	137388.375
2885	137379.203125
2886	137388.359375
2887	137379.25
2888	137388.34375
2889	137379.21875
2890	137388.34375
2891	137379.1875
2892	137388.34375
2893	137379.21875
2894	137388.34375
2895	137379.1875
2896	137388.34375
2897	137379.15625
2898	137388.328125
2899	137379.21875
2900	137388.3125
2901	137379.1875
2902	137388.3125
2903	137379.15625
2904	137388.3125
2905	137379.203125
2906	137388.3125
2907	137379.15625
2908	137388.296875
2909	137379.140625
2910	137388.28125
2911	137379.1875
2912	137388.296875
2913	137379.15625
2914	137388.296875
2915	137379.125
2916	137388.28125
2917	137379.15625
2918	137388.28125
2919	137379.125
2920	137388.28125
2921	137379.109375
2922	137388.25
2923	137379.15625
2924	137388.25
2925	137379.109375
2926	137388.25
2927	137379.078125
2928	137388.25
2929	137379.125
2930	137388.25
2931	137379.09375
2932	137388.25
2933	137379.0625
2934	137388.234375
2935	137379.125
2936	137388.21875
2937	137379.09375
2938	137388.234375
2939	137379.0625
2940	137388.21875
2941	137379.09375
2942	137388.21875
2943	137379.0625
2944	137388.21875
2945	137379.03125
2946	137388.1875
2947	137379.0625
2948	137388.1875
2949	137379.03125
2950	137388.1875
2951	137379.0
2952	137388.1875
2953	137379.046875
2954	137388.1875
2955	137379.015625
2956	137388.1875
2957	137379.0
2958	137388.171875
2959	137379.03125
2960	137388.171875
2961	137379.0
2962	137388.171875
2963	137378.984375
2964	137388.15625
2965	137379.03125
2966	137388.15625
2967	137378.984375
2968	137388.15625
2969	137378.984375
2970	137388.140625
2971	137379.0
2972	137388.15625
2973	137378.96875
2974	137388.140625
2975	137378.96875
2976	137388.125
2977	137379.0
2978	137388.125
2979	137378.96875
2980	137388.125
2981	137378.9375
2982	137388.109375
2983	137378.96875
2984	137388.09375
2985	137378.953125
2986	137388.09375
2987	137378.90625
2988	137388.09375
2989	137378.953125
2990	137388.09375
2991	137378.90625
2992	137388.0625
2993	137378.890625
2994	137388.0625
2995	137378.9375
2996	137388.0625
2997	137378.890625
2998	137388.046875
2999	137378.859375
