0	1756767.375
1	1208625.75
2	839558.25
3	638165.25
4	621488.375
5	691681.125
6	706526.25
7	644286.6875
8	547769.125
9	460852.875
10	406744.6875
11	386508.9375
12	387494.5625
13	394109.9375
14	394943.8125
15	385117.0
16	365497.21875
17	340732.25
18	317161.21875
19	300720.90625
20	294814.875
21	298673.4375
22	307347.5625
23	314144.0
24	314396.75
25	307816.28125
26	297807.9375
27	288796.75
28	283721.8125
29	282985.09375
30	284940.21875
31	287156.90625
32	287622.28125
33	285436.9375
34	280948.0625
35	275407.625
36	270359.8125
37	266968.9375
38	265524.03125
39	265356.25
40	265267.5625
41	264233.8125
42	261958.34375
43	258933.75
44	256033.34375
45	253956.578125
46	252885.09375
47	252487.859375
48	252191.640625
49	251513.1875
50	250280.0625
51	248658.65625
52	247011.8125
53	245674.609375
54	244771.625
55	244168.5625
56	243578.875
57	242754.34375
58	241633.34375
59	240353.234375
60	239137.1875
61	238142.40625
62	237378.09375
63	236726.96875
64	236040.71875
65	235235.625
66	234335.0625
67	233437.359375
68	232642.28125
69	231986.125
70	231425.375
71	230875.28125
72	230271.78125
73	229611.375
74	228942.84375
75	228323.84375
76	227777.25
77	227280.53125
78	226788.265625
79	226268.46875
80	225722.5625
81	225179.875
82	224671.4375
83	224207.28125
84	223772.078125
85	223340.03125
86	222896.671875
87	222447.828125
88	222010.203125
89	221597.03125
90	221207.625
91	220829.25
92	220448.375
93	220061.453125
94	219675.28125
95	219299.671875
96	218938.4375
97	218586.859375
98	218236.65625
99	217883.140625
100	217529.1875
101	217180.578125
102	216840.8125
103	216508.5625
104	216179.15625
105	215849.015625
106	215518.734375
107	215191.34375
108	214868.625
109	214550.5625
110	214233.875
111	213916.3125
112	213598.421875
113	213282.046875
114	212968.3125
115	212657.4375
116	212347.5625
117	212037.875
118	211728.8125
119	211420.734375
120	211114.40625
121	210809.65625
122	210505.9375
123	210201.75
124	209897.53125
125	209593.625
126	209290.65625
127	208987.59375
128	208683.78125
129	208379.375
130	208074.296875
131	207769.484375
132	207465.0
133	207160.53125
134	206855.265625
135	206548.78125
136	206241.9375
137	205934.9375
138	205628.03125
139	205321.15625
140	205014.09375
141	204706.46875
142	204398.375
143	204090.78125
144	203783.921875
145	203476.3125
146	203167.53125
147	202858.078125
148	202548.46875
149	202238.609375
150	201927.96875
151	201616.71875
152	201304.8125
153	200992.015625
154	200677.359375
155	200360.96875
156	200043.5625
157	199724.78125
158	199404.828125
159	199083.265625
160	198760.15625
161	198434.90625
162	198107.828125
163	197779.5
164	197449.28125
165	197116.78125
166	196782.03125
167	196445.53125
168	196105.6875
169	195762.921875
170	195417.78125
171	195070.328125
172	194720.125
173	194366.96875
174	194010.75
175	193652.71875
176	193292.0
177	192928.53125
178	192562.0625
179	192193.578125
180	191823.625
181	191451.6875
182	191078.03125
183	190703.21875
184	190326.546875
185	189948.25
186	189569.0
187	189188.5
188	188807.4375
189	188424.796875
190	188041.9375
191	187659.5
192	187276.1875
193	186892.609375
194	186509.390625
195	186126.40625
196	185743.5
197	185361.46875
198	184980.34375
199	184598.9375
200	184218.40625
201	183839.21875
202	183460.8125
203	183083.03125
204	182706.140625
205	182330.015625
206	181955.0
207	181582.21875
208	181211.59375
209	180843.8125
210	180478.484375
211	180115.5625
212	179755.5
213	179398.359375
214	179044.125
215	178692.5625
216	178343.265625
217	177996.96875
218	177654.34375
219	177315.21875
220	176979.03125
221	176645.375
222	176314.78125
223	175987.28125
224	175662.3125
225	175340.09375
226	175021.21875
227	174705.265625
228	174392.15625
229	174081.65625
230	173773.625
231	173468.609375
232	173166.5
233	172867.4375
234	172571.1875
235	172277.5625
236	171986.59375
237	171697.6875
238	171411.21875
239	171127.125
240	170846.09375
241	170567.6875
242	170291.5
243	170017.90625
244	169746.46875
245	169477.265625
246	169210.375
247	168946.046875
248	168684.25
249	168424.65625
250	168167.09375
251	167911.8125
252	167658.75
253	167407.84375
254	167159.0625
255	166912.125
256	166667.359375
257	166424.421875
258	166183.21875
259	165944.0625
260	165706.953125
261	165472.0625
262	165239.328125
263	165009.03125
264	164780.828125
265	164554.59375
266	164330.125
267	164107.640625
268	163886.9375
269	163668.375
270	163451.796875
271	163236.84375
272	163024.125
273	162813.296875
274	162604.0
275	162396.421875
276	162190.4375
277	161985.984375
278	161782.984375
279	161581.625
280	161382.09375
281	161184.4375
282	160988.40625
283	160793.96875
284	160600.75
285	160408.65625
286	160217.9375
287	160028.453125
288	159840.125
289	159653.15625
290	159467.65625
291	159283.5625
292	159101.3125
293	158920.375
294	158740.921875
295	158562.46875
296	158385.25
297	158209.28125
298	158034.40625
299	157860.859375
300	157688.1875
301	157516.84375
302	157346.5625
303	157177.46875
304	157009.75
305	156843.421875
306	156678.28125
307	156514.3125
308	156351.9375
309	156190.71875
310	156030.78125
311	155872.0625
312	155714.78125
313	155558.46875
314	155403.71875
315	155250.03125
316	155097.3125
317	154945.75
318	154795.1875
319	154645.78125
320	154497.46875
321	154350.15625
322	154203.65625
323	154058.1875
324	153913.40625
325	153769.140625
326	153625.34375
327	153481.890625
328	153339.34375
329	153197.28125
330	153055.84375
331	152914.875
332	152773.8125
333	152632.9375
334	152492.4375
335	152352.0
336	152211.5
337	152071.0
338	151930.578125
339	151790.46875
340	151650.375
341	151510.46875
342	151370.5625
343	151230.703125
344	151090.78125
345	150950.5625
346	150810.09375
347	150669.234375
348	150528.546875
349	150387.828125
350	150246.5
351	150104.90625
352	149963.109375
353	149821.5
354	149679.53125
355	149537.703125
356	149395.59375
357	149253.46875
358	149110.59375
359	148967.9375
360	148824.4375
361	148680.078125
362	148535.21875
363	148389.453125
364	148242.53125
365	148095.15625
366	147947.390625
367	147799.59375
368	147650.578125
369	147501.78125
370	147352.984375
371	147204.40625
372	147056.4375
373	146908.65625
374	146761.25
375	146613.65625
376	146464.5625
377	146314.75
378	146164.09375
379	146011.78125
380	145859.96875
381	145710.03125
382	145561.171875
383	145412.625
384	145263.84375
385	145115.953125
386	144968.0625
387	144820.03125
388	144672.75
389	144525.515625
390	144379.0
391	144233.578125
392	144089.453125
393	143945.75
394	143803.03125
395	143662.25
396	143523.0625
397	143386.09375
398	143249.875
399	143115.1875
400	142981.703125
401	142849.09375
402	142717.109375
403	142585.8125
404	142455.328125
405	142325.84375
406	142197.53125
407	142069.875
408	141943.296875
409	141817.40625
410	141692.703125
411	141568.53125
412	141445.296875
413	141322.34375
414	141200.03125
415	141077.75
416	140955.609375
417	140834.390625
418	140713.28125
419	140593.03125
420	140473.125
421	140353.96875
422	140235.46875
423	140117.34375
424	139999.8125
425	139882.78125
426	139766.46875
427	139651.125
428	139536.15625
429	139421.78125
430	139308.234375
431	139195.03125
432	139081.90625
433	138969.125
434	138856.359375
435	138743.75
436	138631.3125
437	138519.5
438	138408.03125
439	138297.125
440	138186.625
441	138076.96875
442	137967.96875
443	137859.578125
444	137751.890625
445	137644.90625
446	137538.5
447	137432.640625
448	137327.5
449	137222.6875
450	137118.53125
451	137014.78125
452	136911.25
453	136807.984375
454	136704.921875
455	136602.3125
456	136500.1875
457	136398.25
458	136296.9375
459	136196.40625
460	136096.25
461	135996.78125
462	135897.71875
463	135799.34375
464	135701.375
465	135603.5
466	135505.75
467	135408.375
468	135311.53125
469	135215.15625
470	135119.09375
471	135023.40625
472	134928.0625
473	134832.75
474	134737.78125
475	134643.3125
476	134548.828125
477	134454.71875
478	134360.8125
479	134267.0625
480	134173.6875
481	134080.6875
482	133988.125
483	133895.75
484	133803.96875
485	133712.984375
486	133622.78125
487	133533.15625
488	133443.96875
489	133355.125
490	133266.71875
491	133178.6875
492	133091.0625
493	133003.78125
494	132916.90625
495	132830.34375
496	132744.15625
497	132658.59375
498	132573.25
499	132488.125
500	132403.171875
501	132318.3125
502	132233.59375
503	132149.15625
504	132065.40625
505	131982.0
506	131899.0
507	131816.46875
508	131734.59375
509	131653.234375
510	131572.1875
511	131491.53125
512	131411.1875
513	131331.421875
514	131251.921875
515	131173.140625
516	131094.546875
517	131016.5625
518	130938.9140625
519	130861.2109375
520	130783.59375
521	130706.3125
522	130629.0625
523	130552.21875
524	130475.515625
525	130398.84375
526	130322.5234375
527	130246.390625
528	130170.5390625
529	130095.109375
530	130019.625
531	129944.2734375
532	129869.5
533	129795.0859375
534	129721.03125
535	129646.9921875
536	129573.3203125
537	129500.09375
538	129427.375
539	129355.03125
540	129282.5546875
541	129210.546875
542	129138.734375
543	129067.296875
544	128996.390625
545	128925.390625
546	128854.703125
547	128784.1875
548	128713.8203125
549	128643.4296875
550	128573.2109375
551	128503.15625
552	128433.5
553	128364.3828125
554	128295.515625
555	128226.9609375
556	128158.703125
557	128090.53125
558	128022.75
559	127955.234375
560	127887.53125
561	127820.0078125
562	127752.6953125
563	127685.703125
564	127619.21875
565	127553.0546875
566	127487.0
567	127421.171875
568	127355.515625
569	127289.8125
570	127224.453125
571	127159.46875
572	127094.6875
573	127030.4765625
574	126966.703125
575	126903.359375
576	126840.625
577	126778.125
578	126715.84375
579	126653.84375
580	126592.140625
581	126530.90625
582	126470.25
583	126409.953125
584	126349.9765625
585	126290.484375
586	126231.4609375
587	126172.84375
588	126114.65625
589	126056.8515625
590	125999.125
591	125941.4375
592	125884.1328125
593	125827.1484375
594	125770.421875
595	125714.0625
596	125657.828125
597	125601.796875
598	125545.734375
599	125489.8984375
600	125434.3125
601	125378.9296875
602	125323.671875
603	125268.65625
604	125213.8671875
605	125159.265625
606	125104.6875
607	125050.2890625
608	124996.125
609	124942.125
610	124888.453125
611	124835.140625
612	124781.890625
613	124728.875
614	124676.3125
615	124624.1796875
616	124572.21875
617	124520.796875
618	124469.6484375
619	124418.671875
620	124367.984375
621	124317.59375
622	124267.4453125
623	124217.5
624	124167.5703125
625	124117.625
626	124067.8125
627	124018.390625
628	123968.9765625
629	123919.7265625
630	123870.7421875
631	123821.921875
632	123773.296875
633	123724.953125
634	123676.6796875
635	123628.3203125
636	123580.0546875
637	123531.84375
638	123483.796875
639	123435.890625
640	123388.0625
641	123340.328125
642	123292.671875
643	123245.1171875
644	123197.5
645	123149.953125
646	123102.296875
647	123054.53125
648	123006.890625
649	122959.1484375
650	122911.5234375
651	122863.796875
652	122816.265625
653	122768.703125
654	122721.1640625
655	122673.5625
656	122625.6875
657	122578.046875
658	122530.34375
659	122482.78125
660	122435.421875
661	122388.3203125
662	122341.140625
663	122294.0
664	122246.953125
665	122199.765625
666	122152.5546875
667	122105.328125
668	122058.0
669	122010.5703125
670	121963.3828125
671	121916.140625
672	121869.015625
673	121822.0625
674	121775.34375
675	121728.765625
676	121682.078125
677	121635.375
678	121588.7578125
679	121542.25
680	121495.796875
681	121449.171875
682	121402.53125
683	121356.109375
684	121309.484375
685	121262.734375
686	121216.03125
687	121169.2421875
688	121122.46875
689	121075.6484375
690	121028.875
691	120982.140625
692	120935.1875
693	120887.90625
694	120840.640625
695	120793.25
696	120745.8125
697	120698.484375
698	120651.015625
699	120603.59375
700	120556.328125
701	120509.015625
702	120461.6796875
703	120414.2421875
704	120366.84375
705	120319.0625
706	120270.84375
707	120222.4375
708	120173.703125
709	120125.0625
710	120076.4453125
711	120027.640625
712	119978.5703125
713	119929.203125
714	119879.765625
715	119830.046875
716	119780.1875
717	119730.21875
718	119680.09375
719	119629.515625
720	119578.5859375
721	119527.375
722	119475.7734375
723	119423.890625
724	119371.34375
725	119318.625
726	119265.828125
727	119212.6640625
728	119158.8046875
729	119104.46875
730	119049.515625
731	118994.1484375
732	118937.9453125
733	118881.3125
734	118824.3828125
735	118767.453125
736	118710.5859375
737	118652.875
738	118595.1875
739	118537.453125
740	118479.328125
741	118420.875
742	118361.5546875
743	118301.6640625
744	118241.0625
745	118180.46875
746	118119.84375
747	118058.984375
748	117998.15625
749	117937.390625
750	117876.96875
751	117816.6875
752	117756.6875
753	117697.046875
754	117637.3359375
755	117578.4453125
756	117520.3203125
757	117463.296875
758	117405.796875
759	117347.890625
760	117289.796875
761	117231.703125
762	117173.671875
763	117115.578125
764	117056.546875
765	116997.3359375
766	116938.640625
767	116879.921875
768	116821.1015625
769	116763.453125
770	116705.484375
771	116647.4921875
772	116589.78125
773	116532.40625
774	116475.34375
775	116418.671875
776	116362.390625
777	116306.3984375
778	116250.9453125
779	116195.890625
780	116141.1484375
781	116086.5859375
782	116031.984375
783	115977.8359375
784	115924.21875
785	115870.625
786	115817.25
787	115763.8984375
788	115710.5546875
789	115657.390625
790	115604.484375
791	115552.0625
792	115499.9765625
793	115448.0390625
794	115396.3515625
795	115345.046875
796	115294.109375
797	115243.5
798	115193.359375
799	115143.609375
800	115094.203125
801	115045.1875
802	114996.3828125
803	114947.75
804	114899.5546875
805	114851.6875
806	114803.921875
807	114756.21875
808	114708.75
809	114661.546875
810	114614.53125
811	114567.65625
812	114520.796875
813	114474.1640625
814	114427.8125
815	114381.6328125
816	114335.6171875
817	114289.765625
818	114244.015625
819	114198.46875
820	114153.3125
821	114108.28125
822	114063.484375
823	114018.8203125
824	113974.359375
825	113930.15625
826	113886.3125
827	113842.578125
828	113798.953125
829	113755.34375
830	113711.953125
831	113668.7265625
832	113625.6875
833	113582.703125
834	113539.9375
835	113497.1328125
836	113454.296875
837	113411.5390625
838	113368.875
839	113326.390625
840	113284.21875
841	113242.046875
842	113200.0390625
843	113158.28125
844	113116.765625
845	113075.578125
846	113034.53125
847	112993.734375
848	112952.8984375
849	112912.2109375
850	112871.640625
851	112831.4375
852	112791.390625
853	112751.609375
854	112712.03125
855	112672.546875
856	112633.390625
857	112594.3203125
858	112555.34375
859	112516.296875
860	112477.34375
861	112438.4921875
862	112399.734375
863	112361.1171875
864	112322.78125
865	112284.609375
866	112246.75
867	112209.1953125
868	112171.90625
869	112134.8125
870	112097.828125
871	112060.84375
872	112024.046875
873	111987.265625
874	111950.4453125
875	111913.765625
876	111877.1796875
877	111840.65625
878	111804.28125
879	111768.078125
880	111731.8515625
881	111695.6328125
882	111659.2578125
883	111622.859375
884	111586.296875
885	111549.71875
886	111513.2890625
887	111476.796875
888	111440.265625
889	111403.6171875
890	111367.078125
891	111330.6875
892	111294.40625
893	111258.203125
894	111222.078125
895	111186.046875
896	111150.140625
897	111114.2890625
898	111078.5078125
899	111042.765625
900	111007.109375
901	110971.5234375
902	110936.1015625
903	110900.90625
904	110865.828125
905	110830.75
906	110795.5859375
907	110760.4453125
908	110725.2734375
909	110690.09375
910	110655.0625
911	110620.2265625
912	110585.390625
913	110550.6875
914	110516.046875
915	110481.5
916	110447.140625
917	110412.921875
918	110378.953125
919	110345.125
920	110311.484375
921	110278.015625
922	110244.765625
923	110211.625
924	110178.578125
925	110145.546875
926	110112.7265625
927	110080.09375
928	110047.625
929	110015.421875
930	109983.109375
931	109950.8125
932	109918.6796875
933	109886.546875
934	109854.546875
935	109822.546875
936	109790.640625
937	109758.8046875
938	109727.125
939	109695.390625
940	109663.765625
941	109632.296875
942	109601.015625
943	109569.8984375
944	109538.7578125
945	109507.609375
946	109476.53125
947	109445.5234375
948	109414.546875
949	109383.7578125
950	109353.140625
951	109322.5
952	109291.9765625
953	109261.5546875
954	109231.15625
955	109200.8203125
956	109170.546875
957	109140.46875
958	109110.46875
959	109080.515625
960	109050.6875
961	109020.875
962	108991.1875
963	108961.6171875
964	108932.171875
965	108902.921875
966	108873.78125
967	108844.7109375
968	108815.640625
969	108786.65625
970	108757.671875
971	108728.84375
972	108700.09375
973	108671.3828125
974	108642.6640625
975	108614.0234375
976	108585.46875
977	108556.84375
978	108528.203125
979	108499.703125
980	108471.2265625
981	108442.796875
982	108414.46875
983	108386.3125
984	108358.3125
985	108330.28125
986	108302.40625
987	108274.609375
988	108246.953125
989	108219.4296875
990	108191.9453125
991	108164.515625
992	108137.0
993	108109.515625
994	108082.0625
995	108054.59375
996	108027.234375
997	107999.90625
998	107972.515625
999	107945.1171875
1000	107917.765625
1001	107890.640625
1002	107863.59375
1003	107836.703125
1004	107809.8046875
1005	107783.046875
1006	107756.46875
1007	107729.984375
1008	107703.6484375
1009	107677.375
1010	107651.03125
1011	107624.75
1012	107598.59375
1013	107572.40625
1014	107546.15625
1015	107519.953125
1016	107493.71875
1017	107467.421875
1018	107441.125
1019	107414.734375
1020	107388.4453125
1021	107362.28125
1022	107336.15625
1023	107310.109375
1024	107284.125
1025	107258.1796875
1026	107232.375
1027	107206.671875
1028	107181.015625
1029	107155.40625
1030	107129.84375
1031	107104.3203125
1032	107078.90625
1033	107053.546875
1034	107028.015625
1035	107002.609375
1036	106977.4609375
1037	106952.359375
1038	106927.40625
1039	106902.5625
1040	106877.6875
1041	106852.90625
1042	106828.328125
1043	106803.671875
1044	106779.046875
1045	106754.4609375
1046	106729.9609375
1047	106705.5390625
1048	106681.1640625
1049	106656.8671875
1050	106632.59375
1051	106608.296875
1052	106584.09375
1053	106560.0390625
1054	106536.125
1055	106512.109375
1056	106488.09375
1057	106463.90625
1058	106439.53125
1059	106415.21875
1060	106390.9375
1061	106366.703125
1062	106342.390625
1063	106318.109375
1064	106293.8671875
1065	106269.65625
1066	106245.4765625
1067	106221.25
1068	106196.90625
1069	106172.546875
1070	106148.3125
1071	106124.140625
1072	106099.9765625
1073	106075.8203125
1074	106051.734375
1075	106027.7890625
1076	106003.828125
1077	105979.90625
1078	105956.09375
1079	105932.359375
1080	105908.734375
1081	105885.28125
1082	105861.8828125
1083	105838.6015625
1084	105815.421875
1085	105792.390625
1086	105769.4140625
1087	105746.4375
1088	105723.546875
1089	105700.5859375
1090	105677.609375
1091	105654.765625
1092	105631.875
1093	105609.015625
1094	105586.296875
1095	105563.578125
1096	105540.84375
1097	105518.140625
1098	105495.4140625
1099	105472.765625
1100	105450.2109375
1101	105427.65625
1102	105405.125
1103	105382.703125
1104	105360.3203125
1105	105337.9453125
1106	105315.703125
1107	105293.453125
1108	105271.265625
1109	105249.0625
1110	105226.796875
1111	105204.5625
1112	105182.375
1113	105160.296875
1114	105138.25
1115	105116.171875
1116	105094.109375
1117	105072.046875
1118	105050.03125
1119	105028.078125
1120	105005.984375
1121	104983.9375
1122	104961.953125
1123	104939.734375
1124	104917.5078125
1125	104895.234375
1126	104872.875
1127	104850.515625
1128	104828.25
1129	104805.953125
1130	104783.75
1131	104761.65625
1132	104739.703125
1133	104717.921875
1134	104696.09375
1135	104674.21875
1136	104652.359375
1137	104630.5390625
1138	104608.859375
1139	104587.265625
1140	104565.59375
1141	104544.0625
1142	104522.640625
1143	104501.1875
1144	104479.859375
1145	104458.578125
1146	104437.4375
1147	104416.453125
1148	104395.546875
1149	104374.703125
1150	104353.828125
1151	104332.875
1152	104311.828125
1153	104290.828125
1154	104269.875
1155	104249.0
1156	104228.171875
1157	104207.328125
1158	104186.640625
1159	104166.140625
1160	104145.5625
1161	104125.0703125
1162	104104.625
1163	104084.25
1164	104063.65625
1165	104043.0546875
1166	104022.4609375
1167	104001.8203125
1168	103981.3203125
1169	103960.859375
1170	103940.40625
1171	103919.90625
1172	103899.390625
1173	103878.8828125
1174	103858.390625
1175	103837.921875
1176	103817.3984375
1177	103796.84375
1178	103776.34375
1179	103755.96875
1180	103735.5625
1181	103715.265625
1182	103695.03125
1183	103674.875
1184	103654.734375
1185	103634.609375
1186	103614.6328125
1187	103594.7265625
1188	103574.90625
1189	103555.1796875
1190	103535.6015625
1191	103516.0703125
1192	103496.578125
1193	103477.078125
1194	103457.6875
1195	103438.3359375
1196	103418.9375
1197	103399.453125
1198	103380.0
1199	103360.5625
1200	103341.09375
1201	103321.765625
1202	103302.46875
1203	103283.328125
1204	103264.2578125
1205	103245.2421875
1206	103226.171875
1207	103206.921875
1208	103187.5546875
1209	103168.15625
1210	103148.734375
1211	103129.25
1212	103109.7109375
1213	103090.109375
1214	103070.546875
1215	103050.953125
1216	103031.359375
1217	103011.734375
1218	102991.90625
1219	102972.03125
1220	102951.984375
1221	102931.78125
1222	102911.3125
1223	102890.7890625
1224	102870.296875
1225	102849.953125
1226	102829.484375
1227	102808.78125
1228	102787.84375
1229	102766.921875
1230	102746.0625
1231	102725.1640625
1232	102704.03125
1233	102682.8046875
1234	102661.515625
1235	102640.203125
1236	102618.890625
1237	102597.4609375
1238	102575.9921875
1239	102554.265625
1240	102532.4296875
1241	102510.546875
1242	102488.640625
1243	102466.6953125
1244	102444.515625
1245	102422.078125
1246	102399.75
1247	102377.296875
1248	102354.71875
1249	102331.9296875
1250	102308.609375
1251	102285.0390625
1252	102260.984375
1253	102236.65625
1254	102211.625
1255	102186.390625
1256	102161.0
1257	102135.125
1258	102108.25
1259	102080.578125
1260	102052.078125
1261	102022.703125
1262	101992.4375
1263	101961.140625
1264	101929.8671875
1265	101898.921875
1266	101867.0234375
1267	101834.21875
1268	101800.96875
1269	101767.3359375
1270	101733.484375
1271	101698.78125
1272	101662.5625
1273	101625.234375
1274	101587.2578125
1275	101548.359375
1276	101508.3125
1277	101467.125
1278	101425.0
1279	101381.875
1280	101338.171875
1281	101294.0078125
1282	101248.84375
1283	101201.609375
1284	101153.2734375
1285	101104.546875
1286	101055.34375
1287	101004.5390625
1288	100952.4140625
1289	100898.515625
1290	100842.421875
1291	100784.796875
1292	100726.015625
1293	100667.0
1294	100607.5703125
1295	100546.5234375
1296	100484.2890625
1297	100420.734375
1298	100356.40625
1299	100291.390625
1300	100225.640625
1301	100160.640625
1302	100095.578125
1303	100029.59375
1304	99962.7421875
1305	99896.859375
1306	99831.40625
1307	99766.265625
1308	99701.796875
1309	99637.796875
1310	99575.25
1311	99513.9375
1312	99453.890625
1313	99394.5234375
1314	99336.03125
1315	99278.1328125
1316	99221.171875
1317	99164.796875
1318	99109.1875
1319	99054.859375
1320	99001.3203125
1321	98949.09375
1322	98897.5625
1323	98846.671875
1324	98796.3046875
1325	98746.546875
1326	98697.5
1327	98648.9140625
1328	98600.796875
1329	98552.984375
1330	98505.515625
1331	98458.4375
1332	98411.15625
1333	98363.8046875
1334	98316.75
1335	98269.9140625
1336	98223.265625
1337	98176.8125
1338	98130.59375
1339	98084.1875
1340	98037.6171875
1341	97991.09375
1342	97944.921875
1343	97899.0625
1344	97853.421875
1345	97807.8046875
1346	97762.5625
1347	97717.484375
1348	97672.78125
1349	97627.9921875
1350	97583.2734375
1351	97538.71875
1352	97494.265625
1353	97450.140625
1354	97406.1875
1355	97362.34375
1356	97318.625
1357	97274.921875
1358	97231.3828125
1359	97187.7265625
1360	97144.09375
1361	97100.65625
1362	97057.2734375
1363	97013.71875
1364	96970.203125
1365	96926.84375
1366	96883.765625
1367	96840.765625
1368	96797.90625
1369	96755.234375
1370	96712.71875
1371	96670.234375
1372	96627.875
1373	96585.859375
1374	96544.125
1375	96502.6875
1376	96461.453125
1377	96420.8125
1378	96380.34375
1379	96340.234375
1380	96300.3125
1381	96260.515625
1382	96220.6953125
1383	96181.109375
1384	96141.734375
1385	96102.3359375
1386	96063.15625
1387	96024.03125
1388	95985.09375
1389	95946.203125
1390	95907.59375
1391	95869.125
1392	95830.984375
1393	95792.90625
1394	95754.9765625
1395	95717.125
1396	95679.5
1397	95642.0859375
1398	95604.96875
1399	95568.0546875
1400	95531.203125
1401	95494.125
1402	95456.765625
1403	95419.84375
1404	95383.265625
1405	95346.875
1406	95310.875
1407	95274.890625
1408	95239.125
1409	95203.546875
1410	95167.796875
1411	95131.984375
1412	95096.234375
1413	95060.78125
1414	95025.46875
1415	94990.265625
1416	94955.3125
1417	94920.6796875
1418	94886.375
1419	94852.046875
1420	94818.078125
1421	94784.28125
1422	94750.578125
1423	94717.03125
1424	94683.8125
1425	94650.828125
1426	94617.8671875
1427	94584.953125
1428	94552.078125
1429	94519.21875
1430	94486.671875
1431	94454.546875
1432	94422.59375
1433	94390.78125
1434	94359.140625
1435	94327.7421875
1436	94296.765625
1437	94266.1484375
1438	94235.859375
1439	94205.65625
1440	94175.640625
1441	94145.90625
1442	94116.296875
1443	94086.5546875
1444	94056.421875
1445	94026.546875
1446	93996.9140625
1447	93967.53125
1448	93938.359375
1449	93909.71875
1450	93881.234375
1451	93853.1484375
1452	93825.6640625
1453	93798.6171875
1454	93772.0390625
1455	93745.796875
1456	93719.8828125
1457	93694.265625
1458	93668.203125
1459	93642.046875
1460	93614.9609375
1461	93587.515625
1462	93558.921875
1463	93530.4765625
1464	93502.1640625
1465	93474.421875
1466	93447.359375
1467	93420.703125
1468	93394.40625
1469	93368.4375
1470	93342.796875
1471	93317.5390625
1472	93292.84375
1473	93269.03125
1474	93246.0
1475	93224.921875
1476	93206.0703125
1477	93190.671875
1478	93177.828125
1479	93168.7734375
1480	93162.578125
1481	93160.828125
1482	93152.9140625
1483	93146.109375
1484	93122.5625
1485	93095.375
1486	93051.28125
1487	93007.375
1488	92960.234375
1489	92917.3671875
1490	92877.25
1491	92841.453125
1492	92810.78125
1493	92784.890625
1494	92762.328125
1495	92742.34375
1496	92725.015625
1497	92710.90625
1498	92699.84375
1499	92693.03125
1500	92693.90625
1501	92701.5546875
1502	92722.796875
1503	92750.8984375
1504	92801.328125
1505	92841.71875
1506	92900.21875
1507	92913.4375
1508	92932.984375
1509	92878.8125
1510	92818.5625
1511	92690.5859375
1512	92573.3125
1513	92452.171875
1514	92360.46875
1515	92302.8203125
1516	92278.828125
1517	92280.5
1518	92298.859375
1519	92324.6171875
1520	92345.4140625
1521	92364.546875
1522	92363.484375
1523	92360.65625
1524	92331.890625
1525	92304.65625
1526	92255.71875
1527	92205.1640625
1528	92144.90625
1529	92090.1875
1530	92036.5
1531	91991.734375
1532	91955.546875
1533	91928.734375
1534	91910.421875
1535	91898.8984375
1536	91891.8828125
1537	91888.0234375
1538	91889.328125
1539	91894.21875
1540	91910.15625
1541	91924.125
1542	91949.984375
1543	91968.171875
1544	92001.0078125
1545	92013.0625
1546	92038.21875
1547	92022.5625
1548	92016.4921875
1549	91965.71875
1550	91922.421875
1551	91840.8984375
1552	91765.8515625
1553	91680.3359375
1554	91607.625
1555	91548.09375
1556	91504.453125
1557	91475.28125
1558	91458.75
1559	91452.5078125
1560	91454.3125
1561	91465.3359375
1562	91484.6953125
1563	91515.75
1564	91549.34375
1565	91597.828125
1566	91629.3203125
1567	91679.1171875
1568	91685.8203125
1569	91713.28125
1570	91675.6796875
1571	91649.875
1572	91562.8984375
1573	91478.75
1574	91372.078125
1575	91279.4296875
1576	91197.203125
1577	91140.25
1578	91104.75
1579	91088.15625
1580	91086.765625
1581	91095.3359375
1582	91113.9765625
1583	91133.28125
1584	91162.578125
1585	91186.015625
1586	91220.578125
1587	91232.421875
1588	91256.515625
1589	91242.78125
1590	91241.15625
1591	91191.375
1592	91148.8671875
1593	91075.265625
1594	91003.4453125
1595	90923.9140625
1596	90857.2421875
1597	90805.8984375
1598	90774.21875
1599	90759.7734375
1600	90757.765625
1601	90762.71875
1602	90766.65625
1603	90773.4453125
1604	90776.03125
1605	90783.6796875
1606	90785.890625
1607	90793.7265625
1608	90797.484375
1609	90813.515625
1610	90820.953125
1611	90846.1875
1612	90849.6328125
1613	90871.96875
1614	90855.6484375
1615	90854.78125
1616	90809.2578125
1617	90769.984375
1618	90698.6875
1619	90632.890625
1620	90557.34375
1621	90494.328125
1622	90439.8046875
1623	90400.625
1624	90377.171875
1625	90368.0859375
1626	90368.6328125
1627	90374.3828125
1628	90386.796875
1629	90401.9375
1630	90425.5
1631	90450.71875
1632	90493.7421875
1633	90526.7421875
1634	90588.015625
1635	90614.046875
1636	90672.4765625
1637	90666.125
1638	90683.8125
1639	90617.28125
1640	90565.453125
1641	90447.84375
1642	90340.3046875
1643	90225.7578125
1644	90140.25
1645	90080.8125
1646	90052.265625
1647	90048.484375
1648	90060.359375
1649	90083.8125
1650	90108.8984375
1651	90145.796875
1652	90172.171875
1653	90212.234375
1654	90223.84375
1655	90257.140625
1656	90248.65625
1657	90266.640625
1658	90230.453125
1659	90217.28125
1660	90152.5
1661	90101.234375
1662	90013.015625
1663	89939.09375
1664	89867.4375
1665	89813.6875
1666	89773.5
1667	89747.8828125
1668	89733.375
1669	89726.890625
1670	89726.9375
1671	89733.046875
1672	89749.578125
1673	89773.59375
1674	89822.1953125
1675	89870.625
1676	89955.4375
1677	89995.5625
1678	90079.5859375
1679	90068.4140625
1680	90094.4296875
1681	90007.375
1682	89944.203125
1683	89802.6796875
1684	89685.546875
1685	89572.8828125
1686	89505.796875
1687	89483.2890625
1688	89495.7109375
1689	89527.8125
1690	89564.15625
1691	89602.6484375
1692	89619.28125
1693	89638.4140625
1694	89615.765625
1695	89594.078125
1696	89536.9375
1697	89489.09375
1698	89429.5859375
1699	89380.2734375
1700	89338.5546875
1701	89307.65625
1702	89284.0390625
1703	89266.328125
1704	89253.484375
1705	89244.359375
1706	89238.5078125
1707	89237.359375
1708	89243.203125
1709	89253.25
1710	89278.578125
1711	89311.2890625
1712	89373.1953125
1713	89435.0234375
1714	89540.609375
1715	89604.4375
1716	89720.09375
1717	89732.875
1718	89780.734375
1719	89686.765625
1720	89613.671875
1721	89437.0625
1722	89284.203125
1723	89126.03125
1724	89027.1953125
1725	88989.3125
1726	89004.359375
1727	89054.328125
1728	89110.375
1729	89173.5625
1730	89196.40625
1731	89217.3203125
1732	89175.1015625
1733	89131.921875
1734	89051.109375
1735	88979.265625
1736	88910.0
1737	88858.7421875
1738	88827.828125
1739	88816.0859375
1740	88818.4140625
1741	88829.453125
1742	88847.5625
1743	88867.65625
1744	88897.7265625
1745	88918.4375
1746	88949.78125
1747	88959.328125
1748	88984.8046875
1749	88982.0625
1750	88993.8125
1751	88971.765625
1752	88958.8125
1753	88909.578125
1754	88870.015625
1755	88804.296875
1756	88747.84375
1757	88684.15625
1758	88631.8984375
1759	88590.640625
1760	88561.7421875
1761	88543.5546875
1762	88533.4375
1763	88529.609375
1764	88530.9765625
1765	88539.515625
1766	88554.453125
1767	88582.640625
1768	88614.6640625
1769	88673.703125
1770	88726.6328125
1771	88823.3125
1772	88890.4375
1773	89017.0078125
1774	89044.03125
1775	89120.53125
1776	89028.4140625
1777	88964.015625
1778	88771.625
1779	88614.4375
1780	88449.546875
1781	88343.46875
1782	88295.265625
1783	88301.8671875
1784	88348.375
1785	88410.359375
1786	88486.0
1787	88530.71875
1788	88568.765625
1789	88544.609375
1790	88520.15625
1791	88445.4375
1792	88376.1875
1793	88288.015625
1794	88214.140625
1795	88157.984375
1796	88127.9296875
1797	88120.234375
1798	88128.1640625
1799	88146.21875
1800	88168.0546875
1801	88195.90625
1802	88219.21875
1803	88247.875
1804	88260.453125
1805	88282.265625
1806	88284.9375
1807	88299.796875
1808	88285.4140625
1809	88280.125
1810	88241.3828125
1811	88209.671875
1812	88151.328125
1813	88098.75
1814	88035.515625
1815	87980.6796875
1816	87931.40625
1817	87896.5
1818	87875.6484375
1819	87866.515625
1820	87865.828125
1821	87870.6640625
1822	87879.5390625
1823	87888.21875
1824	87903.921875
1825	87916.875
1826	87940.1875
1827	87958.2734375
1828	87997.21875
1829	88026.0625
1830	88082.171875
1831	88103.8671875
1832	88152.0625
1833	88141.7109375
1834	88157.609375
1835	88103.4140625
1836	88064.015625
1837	87969.140625
1838	87888.78125
1839	87795.046875
1840	87723.078125
1841	87663.53125
1842	87625.875
1843	87605.9375
1844	87599.390625
1845	87603.9375
1846	87618.1796875
1847	87643.328125
1848	87678.8125
1849	87732.640625
1850	87785.890625
1851	87866.9921875
1852	87918.5625
1853	88004.0234375
1854	88017.75
1855	88062.5234375
1856	88001.78125
1857	87958.375
1858	87830.3125
1859	87719.640625
1860	87594.625
1861	87498.53125
1862	87432.1875
1863	87400.5625
1864	87398.71875
1865	87418.40625
1866	87451.40625
1867	87491.140625
1868	87538.453125
1869	87569.6953125
1870	87611.453125
1871	87625.171875
1872	87655.765625
1873	87646.8125
1874	87653.3671875
1875	87613.78125
1876	87589.0625
1877	87526.765625
1878	87473.9296875
1879	87401.59375
1880	87340.234375
1881	87281.765625
1882	87237.46875
1883	87206.4375
1884	87190.703125
1885	87187.234375
1886	87193.171875
1887	87208.34375
1888	87229.90625
1889	87264.15625
1890	87305.359375
1891	87372.78125
1892	87443.15625
1893	87561.890625
1894	87660.296875
1895	87833.21875
1896	87894.3203125
1897	88021.1875
1898	87942.984375
1899	87902.2109375
1900	87667.1875
1901	87469.5390625
1902	87241.96875
1903	87091.171875
1904	87013.8515625
1905	87008.4765625
1906	87056.65625
1907	87131.171875
1908	87220.625
1909	87276.5703125
1910	87325.8984375
1911	87305.8125
1912	87281.65625
1913	87201.984375
1914	87130.8203125
1915	87042.484375
1916	86972.5703125
1917	86918.734375
1918	86887.71875
1919	86877.234375
1920	86882.609375
1921	86899.2265625
1922	86921.15625
1923	86950.125
1924	86977.734375
1925	87021.671875
1926	87058.75
1927	87120.8671875
1928	87158.671875
1929	87227.46875
1930	87248.4609375
1931	87299.578125
1932	87277.875
1933	87277.875
1934	87196.875
1935	87127.875
1936	87010.90625
1937	86910.46875
1938	86812.828125
1939	86744.90625
1940	86707.9140625
1941	86699.953125
1942	86713.4609375
1943	86740.046875
1944	86777.25
1945	86813.34375
1946	86859.5
1947	86892.96875
1948	86951.921875
1949	86980.875
1950	87044.09375
1951	87062.40625
1952	87116.828125
1953	87096.8203125
1954	87105.109375
1955	87033.046875
1956	86978.6484375
1957	86867.7578125
1958	86773.625
1959	86670.859375
1960	86597.8125
1961	86552.109375
1962	86536.671875
1963	86544.6875
1964	86567.828125
1965	86598.078125
1966	86629.921875
1967	86668.078125
1968	86696.140625
1969	86735.140625
1970	86752.8984375
1971	86788.65625
1972	86792.828125
1973	86819.125
1974	86812.328125
1975	86828.1171875
1976	86807.1015625
1977	86807.7265625
1978	86766.1015625
1979	86734.0625
1980	86666.671875
1981	86607.2265625
1982	86531.78125
1983	86468.9609375
1984	86416.5625
1985	86382.5234375
1986	86366.4375
1987	86365.203125
1988	86373.328125
1989	86387.0234375
1990	86407.25
1991	86432.140625
1992	86474.8828125
1993	86521.6953125
1994	86604.1953125
1995	86690.078125
1996	86842.015625
1997	86957.90625
1998	87158.078125
1999	87208.8125
2000	87348.3671875
2001	87219.9609375
2002	87152.609375
2003	86870.953125
2004	86640.09375
2005	86404.3359375
2006	86269.1953125
2007	86231.609375
2008	86273.640625
2009	86363.875
2010	86464.328125
2011	86568.21875
2012	86612.109375
2013	86647.46875
2014	86596.125
2015	86536.546875
2016	86424.171875
2017	86327.1875
2018	86235.4375
2019	86174.4140625
2020	86145.671875
2021	86145.625
2022	86166.0
2023	86197.9375
2024	86240.296875
2025	86277.671875
2026	86323.859375
2027	86352.140625
2028	86392.8359375
2029	86407.109375
2030	86440.90625
2031	86437.78125
2032	86455.0234375
2033	86425.453125
2034	86410.984375
2035	86356.390625
2036	86308.71875
2037	86238.28125
2038	86176.40625
2039	86113.109375
2040	86062.546875
2041	86027.46875
2042	86007.1328125
2043	86001.359375
2044	86006.8125
2045	86019.2265625
2046	86037.9296875
2047	86063.890625
2048	86093.46875
2049	86140.1328125
2050	86191.875
2051	86277.140625
2052	86352.8828125
2053	86482.671875
2054	86564.71875
2055	86703.0546875
2056	86715.625
2057	86777.84375
2058	86656.515625
2059	86573.203125
2060	86362.78125
2061	86196.34375
2062	86028.28125
2063	85924.0390625
2064	85875.984375
2065	85878.671875
2066	85917.1953125
2067	85971.6953125
2068	86036.6171875
2069	86083.78125
2070	86135.5
2071	86145.5234375
2072	86162.9140625
2073	86128.328125
2074	86104.3125
2075	86044.5078125
2076	85994.1875
2077	85930.859375
2078	85877.90625
2079	85829.15625
2080	85794.046875
2081	85773.0625
2082	85765.203125
2083	85767.375
2084	85776.84375
2085	85791.78125
2086	85809.75
2087	85836.421875
2088	85867.59375
2089	85918.203125
2090	85973.859375
2091	86070.421875
2092	86150.390625
2093	86288.1875
2094	86367.3046875
2095	86508.421875
2096	86512.453125
2097	86571.8125
2098	86444.703125
2099	86357.171875
2100	86147.375
2101	85980.4921875
2102	85806.4609375
2103	85696.40625
2104	85646.59375
2105	85651.1796875
2106	85694.3828125
2107	85754.265625
2108	85825.21875
2109	85872.375
2110	85919.796875
2111	85923.40625
2112	85931.8125
2113	85895.765625
2114	85864.546875
2115	85803.3359375
2116	85751.0390625
2117	85693.0859375
2118	85646.796875
2119	85605.953125
2120	85576.25
2121	85556.921875
2122	85548.171875
2123	85547.7421875
2124	85552.9375
2125	85562.078125
2126	85573.5625
2127	85593.0546875
2128	85620.984375
2129	85673.296875
2130	85742.4296875
2131	85854.34375
2132	85957.5
2133	86123.234375
2134	86224.171875
2135	86399.609375
2136	86401.6875
2137	86459.8125
2138	86288.703125
2139	86150.25
2140	85893.390625
2141	85699.0390625
2142	85535.6015625
2143	85456.078125
2144	85450.0
2145	85499.625
2146	85585.515625
2147	85667.328125
2148	85752.5234375
2149	85781.515625
2150	85805.5
2151	85758.703125
2152	85714.515625
2153	85627.328125
2154	85552.796875
2155	85474.375
2156	85419.9375
2157	85385.796875
2158	85372.765625
2159	85376.5625
2160	85392.890625
2161	85418.40625
2162	85447.4609375
2163	85487.6875
2164	85524.140625
2165	85574.3125
2166	85609.640625
2167	85667.5625
2168	85695.359375
2169	85753.4375
2170	85760.75
2171	85796.75
2172	85767.625
2173	85767.640625
2174	85698.125
2175	85645.40625
2176	85547.359375
2177	85464.4375
2178	85378.828125
2179	85317.703125
2180	85280.671875
2181	85266.734375
2182	85270.421875
2183	85286.7421875
2184	85310.234375
2185	85338.0390625
2186	85375.8125
2187	85414.90625
2188	85473.0
2189	85519.78125
2190	85599.125
2191	85647.40625
2192	85741.3203125
2193	85776.859375
2194	85864.296875
2195	85856.59375
2196	85893.03125
2197	85813.171875
2198	85762.59375
2199	85621.46875
2200	85506.890625
2201	85365.375
2202	85261.046875
2203	85191.8203125
2204	85166.625
2205	85178.265625
2206	85213.703125
2207	85261.71875
2208	85306.578125
2209	85358.484375
2210	85392.328125
2211	85438.109375
2212	85445.4296875
2213	85470.6875
2214	85453.9609375
2215	85459.953125
2216	85423.5234375
2217	85406.03125
2218	85353.1484375
2219	85315.1640625
2220	85256.953125
2221	85208.453125
2222	85158.3515625
2223	85119.421875
2224	85091.8125
2225	85076.53125
2226	85072.78125
2227	85077.703125
2228	85087.8046875
2229	85101.5859375
2230	85122.6875
2231	85150.625
2232	85196.796875
2233	85250.0
2234	85348.203125
2235	85445.296875
2236	85621.640625
2237	85761.9453125
2238	86007.234375
2239	86090.203125
2240	86276.890625
2241	86151.71875
2242	86082.9765625
2243	85754.9375
2244	85489.234375
2245	85205.734375
2246	85036.5078125
2247	84992.3671875
2248	85059.46875
2249	85190.53125
2250	85320.09375
2251	85458.359375
2252	85492.09375
2253	85518.4765625
2254	85424.3046875
2255	85325.0234375
2256	85172.1171875
2257	85049.4375
2258	84964.90625
2259	84939.71875
2260	84964.96875
2261	85017.5390625
2262	85084.5625
2263	85131.625
2264	85179.4375
2265	85186.09375
2266	85190.328125
2267	85153.640625
2268	85118.2421875
2269	85055.9609375
2270	85002.8359375
2271	84948.5
2272	84909.0546875
2273	84884.734375
2274	84876.6171875
2275	84880.78125
2276	84893.234375
2277	84910.203125
2278	84930.390625
2279	84958.5546875
2280	84988.0
2281	85038.2578125
2282	85093.9765625
2283	85187.53125
2284	85270.328125
2285	85408.1484375
2286	85486.125
2287	85632.796875
2288	85639.34375
2289	85705.953125
2290	85583.734375
2291	85497.0546875
2292	85283.390625
2293	85112.8828125
2294	84943.359375
2295	84837.390625
2296	84793.53125
2297	84806.515625
2298	84859.96875
2299	84930.71875
2300	85018.4375
2301	85084.8125
2302	85164.0390625
2303	85186.375
2304	85221.671875
2305	85182.828125
2306	85160.1875
2307	85077.28125
2308	85011.25
2309	84922.0
2310	84850.96875
2311	84786.8125
2312	84746.9375
2313	84727.3046875
2314	84725.203125
2315	84736.5546875
2316	84757.015625
2317	84785.6875
2318	84816.765625
2319	84861.328125
2320	84905.2265625
2321	84975.5703125
2322	85032.203125
2323	85128.1875
2324	85190.0078125
2325	85307.4609375
2326	85359.1484375
2327	85475.703125
2328	85456.578125
2329	85491.515625
2330	85366.59375
2331	85272.828125
2332	85086.7421875
2333	84933.5
2334	84780.53125
2335	84685.1328125
2336	84645.984375
2337	84660.140625
2338	84712.15625
2339	84777.8125
2340	84857.96875
2341	84909.765625
2342	84973.3828125
2343	84987.8203125
2344	85012.21875
2345	84975.609375
2346	84950.8671875
2347	84881.7265625
2348	84829.546875
2349	84755.1328125
2350	84698.0703125
2351	84643.6640625
2352	84606.1640625
2353	84586.1015625
2354	84581.34375
2355	84587.84375
2356	84602.515625
2357	84625.484375
2358	84651.96875
2359	84693.953125
2360	84738.5703125
2361	84812.890625
2362	84882.078125
2363	85008.15625
2364	85110.203125
2365	85290.171875
2366	85370.703125
2367	85534.640625
2368	85483.4375
2369	85495.796875
2370	85276.5546875
2371	85106.765625
2372	84861.5625
2373	84680.5703125
2374	84557.15625
2375	84513.1875
2376	84535.515625
2377	84602.09375
2378	84691.0625
2379	84763.484375
2380	84837.625
2381	84851.796875
2382	84870.703125
2383	84820.078125
2384	84776.515625
2385	84694.25
2386	84624.96875
2387	84553.3125
2388	84501.71875
2389	84471.734375
2390	84461.953125
2391	84467.65625
2392	84484.2734375
2393	84509.2421875
2394	84540.1484375
2395	84582.765625
2396	84621.984375
2397	84682.75
2398	84731.40625
2399	84815.390625
2400	84866.765625
2401	84967.484375
2402	85002.625
2403	85090.390625
2404	85066.4375
2405	85087.3828125
2406	84985.078125
2407	84917.375
2408	84772.125
2409	84654.828125
2410	84528.3359375
2411	84443.09375
2412	84398.734375
2413	84393.546875
2414	84417.359375
2415	84457.203125
2416	84506.109375
2417	84545.9375
2418	84589.1875
2419	84612.546875
2420	84643.0
2421	84643.515625
2422	84656.2734375
2423	84639.234375
2424	84636.59375
2425	84608.765625
2426	84587.84375
2427	84545.828125
2428	84510.65625
2429	84461.34375
2430	84419.28125
2431	84379.578125
2432	84351.75
2433	84333.34375
2434	84324.265625
2435	84321.5625
2436	84323.9921875
2437	84331.2734375
2438	84344.78125
2439	84370.65625
2440	84409.578125
2441	84478.078125
2442	84568.78125
2443	84728.703125
2444	84897.265625
2445	85191.328125
2446	85388.6484375
2447	85730.421875
2448	85737.734375
2449	85838.2109375
2450	85471.2578125
2451	85189.59375
2452	84743.765625
2453	84450.53125
2454	84290.140625
2455	84285.328125
2456	84394.7734375
2457	84546.34375
2458	84726.7890625
2459	84816.171875
2460	84896.5625
2461	84814.0859375
2462	84723.25
2463	84537.84375
2464	84389.671875
2465	84278.71875
2466	84234.4296875
2467	84249.0546875
2468	84301.1328125
2469	84372.9765625
2470	84425.6875
2471	84479.5390625
2472	84490.03125
2473	84500.890625
2474	84458.375
2475	84423.0703125
2476	84362.3515625
2477	84314.1875
2478	84263.28125
2479	84225.7890625
2480	84198.59375
2481	84187.9453125
2482	84190.328125
2483	84201.484375
2484	84218.875
2485	84238.03125
2486	84265.734375
2487	84295.65625
2488	84347.3984375
2489	84406.2734375
2490	84497.0625
2491	84572.5546875
2492	84691.625
2493	84750.6875
2494	84860.390625
2495	84849.5546875
2496	84875.546875
2497	84762.0625
2498	84672.796875
2499	84501.2734375
2500	84364.2265625
2501	84236.46875
2502	84158.640625
2503	84130.5390625
2504	84145.1484375
2505	84188.3125
2506	84244.3125
2507	84315.84375
2508	84374.6875
2509	84445.4296875
2510	84473.625
2511	84517.203125
2512	84502.625
2513	84507.25
2514	84456.8125
2515	84424.96875
2516	84355.03125
2517	84303.171875
2518	84237.4765625
2519	84185.5078125
2520	84138.5625
2521	84104.21875
2522	84083.140625
2523	84074.8125
2524	84077.09375
2525	84087.2109375
2526	84103.796875
2527	84125.84375
2528	84159.3515625
2529	84203.90625
2530	84273.5859375
2531	84352.4140625
2532	84484.625
2533	84606.453125
2534	84806.09375
2535	84902.9765625
2536	85082.140625
2537	85040.9375
2538	85063.640625
2539	84846.65625
2540	84682.453125
2541	84416.21875
2542	84220.90625
2543	84082.765625
2544	84027.5390625
2545	84042.765625
2546	84105.765625
2547	84196.765625
2548	84281.21875
2549	84373.296875
2550	84408.6171875
2551	84448.5546875
2552	84402.4375
2553	84366.0625
2554	84271.0390625
2555	84193.078125
2556	84107.453125
2557	84046.578125
2558	84004.6796875
2559	83987.25
2560	83988.453125
2561	84003.3984375
2562	84028.7578125
2563	84059.59375
2564	84103.1875
2565	84152.3828125
2566	84228.2109375
2567	84296.171875
2568	84399.8125
2569	84455.5859375
2570	84551.765625
2571	84556.953125
2572	84604.328125
2573	84543.359375
2574	84516.96875
2575	84401.5078125
2576	84316.1953125
2577	84187.78125
2578	84090.515625
2579	84004.8359375
2580	83953.09375
2581	83934.109375
2582	83941.546875
2583	83968.09375
2584	84010.03125
2585	84065.96875
2586	84123.078125
2587	84199.34375
2588	84255.1875
2589	84342.09375
2590	84384.9375
2591	84469.4609375
2592	84478.6328125
2593	84534.3046875
2594	84486.96875
2595	84475.609375
2596	84369.859375
2597	84291.234375
2598	84159.1875
2599	84054.6484375
2600	83963.140625
2601	83907.140625
2602	83885.078125
2603	83890.921875
2604	83918.828125
2605	83962.515625
2606	84020.109375
2607	84076.890625
2608	84155.234375
2609	84214.78125
2610	84307.84375
2611	84354.78125
2612	84448.2734375
2613	84454.546875
2614	84510.4609375
2615	84457.1171875
2616	84445.34375
2617	84334.8671875
2618	84255.640625
2619	84116.765625
2620	84010.953125
2621	83917.9609375
2622	83861.1015625
2623	83838.2265625
2624	83846.8203125
2625	83877.046875
2626	83919.5234375
2627	83973.71875
2628	84025.015625
2629	84090.53125
2630	84134.171875
2631	84198.15625
2632	84220.28125
2633	84273.5625
2634	84273.0
2635	84307.453125
2636	84279.046875
2637	84284.6875
2638	84220.125
2639	84178.21875
2640	84084.4296875
2641	84009.5078125
2642	83925.15625
2643	83863.4609375
2644	83817.2890625
2645	83792.78125
2646	83788.1484375
2647	83798.6875
2648	83820.203125
2649	83847.78125
2650	83883.6328125
2651	83920.328125
2652	83973.0390625
2653	84023.140625
2654	84105.375
2655	84175.21875
2656	84307.5234375
2657	84401.9375
2658	84569.515625
2659	84610.21875
2660	84712.265625
2661	84623.796875
2662	84581.375
2663	84379.578125
2664	84220.140625
2665	84016.375
2666	83871.171875
2667	83776.8515625
2668	83742.6875
2669	83757.890625
2670	83806.21875
2671	83873.203125
2672	83931.640625
2673	83992.109375
2674	84019.6640625
2675	84051.9765625
2676	84041.171875
2677	84040.890625
2678	84004.3046875
2679	83979.71875
2680	83928.0859375
2681	83884.4765625
2682	83830.171875
2683	83786.78125
2684	83748.109375
2685	83721.859375
2686	83705.609375
2687	83699.6875
2688	83701.59375
2689	83709.1328125
2690	83723.4765625
2691	83744.0859375
2692	83777.9296875
2693	83825.703125
2694	83905.21875
2695	84008.046875
2696	84174.546875
2697	84323.078125
2698	84566.46875
2699	84684.265625
2700	84878.546875
2701	84811.9921875
2702	84793.9375
2703	84522.90625
2704	84309.3359375
2705	84024.2578125
2706	83830.0625
2707	83702.4375
2708	83660.046875
2709	83685.53125
2710	83756.15625
2711	83859.234375
2712	83954.6328125
2713	84062.6171875
2714	84098.609375
2715	84139.65625
2716	84088.03125
2717	84043.765625
2718	83939.8125
2719	83850.53125
2720	83758.375
2721	83692.578125
2722	83648.796875
2723	83628.671875
2724	83626.9375
2725	83638.640625
2726	83660.640625
2727	83690.046875
2728	83732.359375
2729	83784.6953125
2730	83860.875
2731	83935.21875
2732	84042.109375
2733	84116.96875
2734	84236.078125
2735	84264.6640625
2736	84333.3828125
2737	84263.984375
2738	84225.8125
2739	84077.15625
2740	83959.03125
2741	83821.671875
2742	83723.8203125
2743	83647.3046875
2744	83603.234375
2745	83583.84375
2746	83584.71875
2747	83601.640625
2748	83630.6015625
2749	83674.3125
2750	83728.359375
2751	83801.75
2752	83873.4375
2753	83975.6875
2754	84050.8046875
2755	84170.9609375
2756	84200.609375
2757	84276.71875
2758	84219.453125
2759	84192.609375
2760	84051.90625
2761	83941.15625
2762	83800.8046875
2763	83698.171875
2764	83614.3125
2765	83565.046875
2766	83543.078125
2767	83543.515625
2768	83560.6640625
2769	83588.765625
2770	83629.0078125
2771	83673.3984375
2772	83733.8984375
2773	83784.859375
2774	83859.671875
2775	83914.4921875
2776	84011.6328125
2777	84058.34375
2778	84151.0625
2779	84146.328125
2780	84186.609375
2781	84106.5625
2782	84057.171875
2783	83919.828125
2784	83811.640625
2785	83686.1328125
2786	83595.390625
2787	83531.9453125
2788	83501.8828125
2789	83501.5
2790	83523.8046875
2791	83562.4375
2792	83608.328125
2793	83663.484375
2794	83714.4140625
2795	83777.5625
2796	83818.78125
2797	83885.328125
2798	83912.3125
2799	83972.5859375
2800	83972.2734375
2801	84007.75
2802	83969.6875
2803	83958.015625
2804	83882.09375
2805	83827.125
2806	83732.6484375
2807	83656.109375
2808	83575.984375
2809	83517.84375
2810	83476.59375
2811	83456.5546875
2812	83455.8984375
2813	83470.2890625
2814	83495.234375
2815	83526.484375
2816	83568.8828125
2817	83614.0
2818	83679.828125
2819	83743.0625
2820	83849.3046875
2821	83938.9921875
2822	84096.125
2823	84171.75
2824	84317.546875
2825	84285.9375
2826	84310.0
2827	84135.078125
2828	84006.71875
2829	83793.015625
2830	83635.15625
2831	83504.53125
2832	83433.8828125
2833	83418.421875
2834	83446.5
2835	83501.640625
2836	83568.25
2837	83650.7734375
2838	83714.375
2839	83797.875
2840	83828.625
2841	83881.4375
2842	83856.34375
2843	83854.7421875
2844	83782.671875
2845	83732.5
2846	83640.859375
2847	83570.515625
2848	83492.171875
2849	83435.9375
2850	83398.8203125
2851	83383.109375
2852	83384.484375
2853	83398.75
2854	83424.5234375
2855	83458.0234375
2856	83503.2734375
2857	83553.6171875
2858	83632.453125
2859	83700.4375
2860	83813.53125
2861	83881.2890625
2862	84008.3984375
2863	84034.875
2864	84115.2265625
2865	84053.625
2866	84035.9765625
2867	83889.328125
2868	83780.484375
2869	83616.734375
2870	83500.625
2871	83408.140625
2872	83358.609375
2873	83346.0
2874	83364.015625
2875	83403.15625
2876	83452.375
2877	83516.390625
2878	83568.78125
2879	83644.71875
2880	83688.625
2881	83763.03125
2882	83778.046875
2883	83823.78125
2884	83792.0234375
2885	83794.5703125
2886	83716.65625
2887	83667.0234375
2888	83573.53125
2889	83500.1875
2890	83421.65625
2891	83367.9375
2892	83330.5
2893	83312.78125
2894	83311.3203125
2895	83321.5859375
2896	83340.03125
2897	83363.96875
2898	83398.7890625
2899	83437.9765625
2900	83499.828125
2901	83562.3828125
2902	83672.875
2903	83760.890625
2904	83919.609375
2905	83995.0546875
2906	84148.84375
2907	84121.9921875
2908	84149.828125
2909	83971.65625
2910	83844.234375
2911	83629.828125
2912	83474.578125
2913	83351.640625
2914	83290.078125
2915	83281.546875
2916	83315.40625
2917	83377.5625
2918	83448.484375
2919	83538.359375
2920	83600.734375
2921	83684.421875
2922	83701.84375
2923	83744.125
2924	83704.2578125
2925	83691.359375
2926	83609.84375
2927	83555.765625
2928	83466.34375
2929	83397.390625
2930	83330.1875
2931	83285.3125
2932	83257.21875
2933	83247.78125
2934	83253.421875
2935	83271.109375
2936	83300.484375
2937	83336.7421875
2938	83388.6171875
2939	83439.5546875
2940	83517.875
2941	83583.0
2942	83697.265625
2943	83761.46875
2944	83890.78125
2945	83904.34375
2946	83977.0234375
2947	83889.125
2948	83846.015625
2949	83684.828125
2950	83562.953125
2951	83413.390625
2952	83310.34375
2953	83242.359375
2954	83216.484375
2955	83223.140625
2956	83251.921875
2957	83298.015625
2958	83346.8046875
2959	83410.234375
2960	83457.59375
2961	83531.765625
2962	83567.0546875
2963	83639.15625
2964	83645.875
2965	83691.453125
2966	83654.7578125
2967	83653.9296875
2968	83577.5625
2969	83521.828125
2970	83429.25
2971	83357.3984375
2972	83280.421875
2973	83227.96875
2974	83193.671875
2975	83181.3203125
2976	83187.0078125
2977	83204.390625
2978	83231.1640625
2979	83262.609375
2980	83305.8125
2981	83351.125
2982	83423.546875
2983	83489.3515625
2984	83605.2578125
2985	83691.8125
2986	83852.6015625
2987	83916.859375
2988	84058.765625
2989	84001.125
2990	84007.71875
2991	83821.1015625
2992	83680.890625
2993	83463.703125
2994	83308.5703125
2995	83197.078125
2996	83151.65625
2997	83162.6875
2998	83212.609375
2999	83287.75
