0	1756767.375
1	1738519.75
2	1704306.375
3	1656627.375
4	1598527.75
5	1532003.75
6	1455282.5
7	1366211.0
8	1263684.5
9	1147986.25
10	1021324.6875
11	888453.0
12	757498.25
13	640248.875
14	550799.6875
15	501906.8125
16	499391.625
17	536862.375
18	594631.0
19	645689.0
20	667084.375
21	650075.875
22	602398.25
23	541823.875
24	486371.5625
25	447356.1875
26	427710.5
27	424136.0
28	430438.15625
29	440230.0
30	448447.75
31	451880.125
32	449121.75
33	440272.1875
34	426558.125
35	409938.5
36	392700.0
37	377039.125
38	364658.375
39	356437.9375
40	352272.125
41	351144.84375
42	351455.28125
43	351506.90625
44	350002.3125
45	346364.1875
46	340788.1875
47	334040.65625
48	327116.0
49	320902.375
50	315961.84375
51	312459.6875
52	310221.0
53	308859.4375
54	307916.21875
55	306978.71875
56	305760.46875
57	304130.0
58	302103.25
59	299809.3125
60	297441.9375
61	295204.25
62	293261.125
63	291706.4375
64	290549.5625
65	289724.8125
66	289115.875
67	288590.65625
68	288034.4375
69	287374.875
70	286590.59375
71	285706.65625
72	284776.75
73	283864.3125
74	283022.34375
75	282280.03125
76	281641.125
77	281087.5
78	280587.15625
79	280103.71875
80	279606.34375
81	279075.75
82	278505.6875
83	277901.90625
84	277278.75
85	276653.75
86	276043.21875
87	275458.0
88	274902.5
89	274374.0
90	273865.4375
91	273367.4375
92	272870.84375
93	272369.75
94	271861.375
95	271347.125
96	270830.9375
97	270317.71875
98	269812.5625
99	269318.875
100	268838.15625
101	268370.0
102	267912.0
103	267461.625
104	267016.0625
105	266573.5
106	266132.78125
107	265694.0625
108	265258.3125
109	264826.625
110	264400.25
111	263980.34375
112	263567.03125
113	263160.3125
114	262759.34375
115	262363.4375
116	261971.6875
117	261583.421875
118	261198.25
119	260816.109375
120	260437.234375
121	260061.9375
122	259690.453125
123	259323.28125
124	258960.28125
125	258601.40625
126	258246.453125
127	257895.296875
128	257547.5625
129	257202.9375
130	256861.3125
131	256522.625
132	256186.953125
133	255854.28125
134	255524.8125
135	255198.53125
136	254875.46875
137	254555.484375
138	254238.609375
139	253924.65625
140	253613.59375
141	253305.375
142	252999.84375
143	252696.9375
144	252396.625
145	252099.078125
146	251804.125
147	251511.90625
148	251222.34375
149	250935.34375
150	250650.796875
151	250368.6875
152	250089.03125
153	249811.75
154	249536.78125
155	249264.09375
156	248993.703125
157	248725.5625
158	248459.671875
159	248196.015625
160	247934.40625
161	247675.109375
162	247417.90625
163	247162.84375
164	246909.71875
165	246658.703125
166	246409.640625
167	246162.53125
168	245917.296875
169	245674.109375
170	245432.78125
171	245193.21875
172	244955.4375
173	244719.421875
174	244485.28125
175	244252.84375
176	244022.125
177	243793.140625
178	243565.8125
179	243340.21875
180	243116.296875
181	242893.9375
182	242673.15625
183	242453.96875
184	242236.34375
185	242020.15625
186	241805.421875
187	241592.15625
188	241380.328125
189	241170.0
190	240961.0
191	240753.34375
192	240547.015625
193	240341.9375
194	240138.0625
195	239935.4375
196	239734.09375
197	239533.90625
198	239334.953125
199	239137.125
200	238940.53125
201	238745.0625
202	238550.78125
203	238357.546875
204	238165.40625
205	237974.375
206	237784.3125
207	237595.3125
208	237407.25
209	237220.109375
210	237034.0
211	236848.765625
212	236664.5625
213	236481.09375
214	236298.46875
215	236116.59375
216	235935.53125
217	235755.28125
218	235575.875
219	235397.28125
220	235219.46875
221	235042.296875
222	234865.8125
223	234690.09375
224	234515.140625
225	234340.90625
226	234167.28125
227	233994.4375
228	233822.328125
229	233650.90625
230	233480.125
231	233309.9375
232	233140.40625
233	232971.46875
234	232803.25
235	232635.640625
236	232468.59375
237	232302.09375
238	232136.0625
239	231970.53125
240	231805.625
241	231641.28125
242	231477.625
243	231314.46875
244	231151.8125
245	230989.6875
246	230828.09375
247	230667.171875
248	230506.71875
249	230346.78125
250	230187.359375
251	230028.515625
252	229870.171875
253	229712.421875
254	229555.0625
255	229398.21875
256	229241.890625
257	229086.0625
258	228930.75
259	228776.09375
260	228621.90625
261	228468.4375
262	228315.53125
263	228163.125
264	228011.34375
265	227860.109375
266	227709.5
267	227559.5
268	227410.109375
269	227261.375
270	227113.3125
271	226965.875
272	226819.046875
273	226672.703125
274	226526.875
275	226381.625
276	226236.96875
277	226092.859375
278	225949.40625
279	225806.59375
280	225664.53125
281	225523.140625
282	225382.4375
283	225242.34375
284	225102.875
285	224963.9375
286	224825.5625
287	224687.875
288	224550.65625
289	224414.125
290	224278.078125
291	224142.625
292	224007.65625
293	223873.25
294	223739.3125
295	223605.921875
296	223473.125
297	223340.75
298	223208.890625
299	223077.625
300	222946.859375
301	222816.703125
302	222687.15625
303	222558.09375
304	222429.65625
305	222301.71875
306	222174.296875
307	222047.375
308	221920.9375
309	221795.0625
310	221669.828125
311	221545.171875
312	221420.859375
313	221297.109375
314	221173.859375
315	221051.125
316	220928.875
317	220807.1875
318	220685.890625
319	220565.125
320	220444.890625
321	220325.109375
322	220205.65625
323	220086.703125
324	219968.140625
325	219850.03125
326	219732.4375
327	219615.1875
328	219498.40625
329	219382.03125
330	219266.1875
331	219150.6875
332	219035.6875
333	218921.140625
334	218806.953125
335	218693.1875
336	218579.78125
337	218466.8125
338	218354.15625
339	218241.96875
340	218130.140625
341	218018.6875
342	217907.65625
343	217796.984375
344	217686.75
345	217576.859375
346	217467.296875
347	217358.171875
348	217249.375
349	217140.921875
350	217032.765625
351	216925.09375
352	216817.734375
353	216710.796875
354	216604.15625
355	216497.84375
356	216391.84375
357	216286.203125
358	216180.90625
359	216075.859375
360	215971.171875
361	215866.6875
362	215762.625
363	215658.875
364	215555.4375
365	215452.3125
366	215349.4375
367	215246.796875
368	215144.40625
369	215042.3125
370	214940.46875
371	214838.828125
372	214737.515625
373	214636.53125
374	214535.875
375	214435.46875
376	214335.4375
377	214235.59375
378	214136.09375
379	214036.90625
380	213937.984375
381	213839.296875
382	213740.84375
383	213642.765625
384	213544.90625
385	213447.328125
386	213350.03125
387	213252.984375
388	213156.234375
389	213059.796875
390	212963.5625
391	212867.6875
392	212772.0625
393	212676.6875
394	212581.46875
395	212486.546875
396	212391.84375
397	212297.4375
398	212203.359375
399	212109.5
400	212016.03125
401	211922.8125
402	211829.921875
403	211737.1875
404	211644.78125
405	211552.5625
406	211460.59375
407	211368.84375
408	211277.375
409	211186.234375
410	211095.203125
411	211004.5
412	210914.0625
413	210823.84375
414	210733.890625
415	210644.109375
416	210554.625
417	210465.375
418	210376.34375
419	210287.578125
420	210198.9375
421	210110.6875
422	210022.59375
423	209934.765625
424	209847.15625
425	209759.875
426	209672.6875
427	209585.734375
428	209498.96875
429	209412.53125
430	209326.265625
431	209240.25
432	209154.453125
433	209068.8125
434	208983.46875
435	208898.328125
436	208813.375
437	208728.671875
438	208644.125
439	208559.890625
440	208475.875
441	208392.0625
442	208308.5
443	208225.0625
444	208141.859375
445	208058.84375
446	207976.0625
447	207893.40625
448	207810.9375
449	207728.59375
450	207646.40625
451	207564.4375
452	207482.625
453	207401.0
454	207319.53125
455	207238.21875
456	207157.078125
457	207076.125
458	206995.28125
459	206914.78125
460	206834.375
461	206754.1875
462	206674.140625
463	206594.3125
464	206514.75
465	206435.34375
466	206356.15625
467	206277.09375
468	206198.265625
469	206119.59375
470	206041.125
471	205962.71875
472	205884.46875
473	205806.515625
474	205728.65625
475	205650.890625
476	205573.28125
477	205495.8125
478	205418.46875
479	205341.28125
480	205264.28125
481	205187.375
482	205110.65625
483	205034.125
484	204957.71875
485	204881.53125
486	204805.453125
487	204729.5625
488	204653.828125
489	204578.21875
490	204502.875
491	204427.65625
492	204352.625
493	204277.71875
494	204203.046875
495	204128.5
496	204054.15625
497	203979.84375
498	203905.734375
499	203831.796875
500	203757.96875
501	203684.34375
502	203610.84375
503	203537.53125
504	203464.3125
505	203391.21875
506	203318.21875
507	203245.34375
508	203172.625
509	203100.0
510	203027.390625
511	202954.8125
512	202882.3125
513	202809.9375
514	202737.625
515	202665.46875
516	202593.40625
517	202521.328125
518	202449.34375
519	202377.46875
520	202305.75
521	202234.125
522	202162.453125
523	202090.8125
524	202019.21875
525	201947.75
526	201876.4375
527	201805.234375
528	201734.21875
529	201663.34375
530	201592.5625
531	201521.890625
532	201451.40625
533	201380.96875
534	201310.75
535	201240.640625
536	201170.625
537	201100.796875
538	201031.0625
539	200961.46875
540	200892.015625
541	200822.75
542	200753.421875
543	200684.28125
544	200615.234375
545	200546.28125
546	200477.46875
547	200408.765625
548	200340.09375
549	200271.515625
550	200203.09375
551	200134.78125
552	200066.6875
553	199998.65625
554	199930.828125
555	199863.15625
556	199795.625
557	199728.1875
558	199660.890625
559	199593.6875
560	199526.5625
561	199459.46875
562	199392.40625
563	199325.46875
564	199258.53125
565	199191.78125
566	199125.15625
567	199058.609375
568	198992.1875
569	198925.90625
570	198859.65625
571	198793.5
572	198727.375
573	198661.28125
574	198595.28125
575	198529.28125
576	198463.5
577	198397.78125
578	198332.15625
579	198266.59375
580	198201.125
581	198135.734375
582	198070.5
583	198005.328125
584	197940.25
585	197875.296875
586	197810.5
587	197745.78125
588	197681.171875
589	197616.625
590	197552.21875
591	197488.0
592	197423.859375
593	197359.765625
594	197295.78125
595	197231.828125
596	197167.921875
597	197104.03125
598	197040.25
599	196976.46875
600	196912.828125
601	196849.21875
602	196785.625
603	196722.0625
604	196658.53125
605	196595.0
606	196531.578125
607	196468.1875
608	196404.96875
609	196341.65625
610	196278.40625
611	196215.203125
612	196151.984375
613	196088.71875
614	196025.53125
615	195962.359375
616	195899.15625
617	195835.96875
618	195772.671875
619	195709.40625
620	195646.125
621	195582.8125
622	195519.46875
623	195456.046875
624	195392.75
625	195329.421875
626	195266.21875
627	195203.015625
628	195139.84375
629	195076.8125
630	195013.796875
631	194950.84375
632	194887.9375
633	194825.0625
634	194762.34375
635	194699.703125
636	194637.140625
637	194574.59375
638	194512.0625
639	194449.5
640	194387.03125
641	194324.625
642	194262.21875
643	194199.828125
644	194137.53125
645	194075.234375
646	194013.0
647	193950.84375
648	193888.75
649	193826.859375
650	193764.96875
651	193703.203125
652	193641.390625
653	193579.609375
654	193517.875
655	193456.078125
656	193394.28125
657	193332.4375
658	193270.59375
659	193208.796875
660	193146.9375
661	193085.125
662	193023.40625
663	192961.625
664	192899.96875
665	192838.359375
666	192776.671875
667	192715.09375
668	192653.59375
669	192592.15625
670	192530.9375
671	192469.6875
672	192408.65625
673	192347.671875
674	192286.703125
675	192225.828125
676	192165.0
677	192104.3125
678	192043.59375
679	191982.96875
680	191922.328125
681	191861.796875
682	191801.28125
683	191740.78125
684	191680.125
685	191619.46875
686	191558.78125
687	191498.140625
688	191437.375
689	191376.5625
690	191315.65625
691	191254.5625
692	191193.40625
693	191132.3125
694	191071.15625
695	191009.96875
696	190948.78125
697	190887.65625
698	190826.515625
699	190765.4375
700	190704.1875
701	190642.9375
702	190581.65625
703	190520.4375
704	190459.09375
705	190397.71875
706	190336.328125
707	190274.875
708	190213.34375
709	190151.8125
710	190090.328125
711	190028.875
712	189967.40625
713	189905.96875
714	189844.40625
715	189782.859375
716	189721.28125
717	189659.734375
718	189598.15625
719	189536.5625
720	189474.875
721	189413.1875
722	189351.53125
723	189289.921875
724	189228.359375
725	189166.71875
726	189105.125
727	189043.5625
728	188981.90625
729	188920.171875
730	188858.28125
731	188796.4375
732	188734.5
733	188672.515625
734	188610.46875
735	188548.46875
736	188486.40625
737	188424.28125
738	188362.046875
739	188299.875
740	188237.6875
741	188175.515625
742	188113.34375
743	188051.1875
744	187989.03125
745	187926.859375
746	187864.6875
747	187802.484375
748	187740.21875
749	187677.90625
750	187615.625
751	187553.34375
752	187491.09375
753	187428.8125
754	187366.484375
755	187304.03125
756	187241.4375
757	187178.875
758	187116.359375
759	187053.75
760	186991.109375
761	186928.359375
762	186865.484375
763	186802.65625
764	186739.75
765	186676.78125
766	186613.75
767	186550.671875
768	186487.59375
769	186424.484375
770	186361.28125
771	186298.046875
772	186234.65625
773	186171.359375
774	186107.984375
775	186044.65625
776	185981.25
777	185917.84375
778	185854.421875
779	185791.0
780	185727.609375
781	185664.21875
782	185600.90625
783	185537.625
784	185474.203125
785	185410.671875
786	185347.046875
787	185283.375
788	185219.625
789	185155.71875
790	185091.71875
791	185027.734375
792	184963.75
793	184899.65625
794	184835.65625
795	184771.5
796	184707.4375
797	184643.15625
798	184578.71875
799	184514.15625
800	184449.40625
801	184384.5625
802	184319.8125
803	184254.875
804	184189.9375
805	184124.9375
806	184059.875
807	183994.6875
808	183929.4375
809	183864.171875
810	183798.796875
811	183733.34375
812	183667.765625
813	183602.015625
814	183536.09375
815	183470.125
816	183404.046875
817	183337.84375
818	183271.59375
819	183205.28125
820	183138.65625
821	183071.90625
822	183005.03125
823	182938.0625
824	182871.03125
825	182803.75
826	182736.046875
827	182668.0
828	182599.65625
829	182531.09375
830	182462.34375
831	182393.75
832	182324.9375
833	182256.046875
834	182187.0
835	182117.78125
836	182048.390625
837	181978.953125
838	181909.421875
839	181839.84375
840	181770.1875
841	181700.578125
842	181630.9375
843	181561.109375
844	181491.03125
845	181420.84375
846	181350.515625
847	181280.125
848	181209.75
849	181139.3125
850	181068.890625
851	180998.3125
852	180927.59375
853	180856.859375
854	180786.09375
855	180715.4375
856	180644.734375
857	180573.890625
858	180503.0
859	180431.96875
860	180360.875
861	180289.875
862	180218.96875
863	180148.09375
864	180077.265625
865	180006.296875
866	179935.625
867	179865.09375
868	179794.78125
869	179724.4375
870	179654.03125
871	179583.625
872	179513.28125
873	179443.046875
874	179372.828125
875	179302.734375
876	179232.71875
877	179162.71875
878	179092.5625
879	179022.4375
880	178952.25
881	178882.0
882	178811.84375
883	178741.71875
884	178671.71875
885	178601.78125
886	178531.859375
887	178461.90625
888	178391.96875
889	178321.96875
890	178251.953125
891	178181.9375
892	178112.0625
893	178042.21875
894	177972.390625
895	177902.703125
896	177833.1875
897	177763.796875
898	177694.46875
899	177625.171875
900	177555.890625
901	177486.53125
902	177417.21875
903	177348.078125
904	177278.9375
905	177209.65625
906	177140.421875
907	177071.09375
908	177001.71875
909	176932.40625
910	176863.125
911	176793.875
912	176724.53125
913	176655.15625
914	176585.90625
915	176516.6875
916	176447.640625
917	176378.59375
918	176309.734375
919	176241.0
920	176172.4375
921	176103.8125
922	176035.21875
923	175966.6875
924	175898.328125
925	175830.1875
926	175762.125
927	175694.1875
928	175626.21875
929	175558.28125
930	175490.375
931	175422.40625
932	175354.5
933	175286.71875
934	175218.96875
935	175151.328125
936	175083.75
937	175016.140625
938	174948.59375
939	174881.03125
940	174813.65625
941	174746.34375
942	174679.046875
943	174611.65625
944	174544.34375
945	174477.03125
946	174409.859375
947	174342.78125
948	174275.71875
949	174208.65625
950	174141.6875
951	174074.671875
952	174007.8125
953	173940.9375
954	173874.109375
955	173807.390625
956	173740.75
957	173674.21875
958	173607.75
959	173541.203125
960	173474.59375
961	173408.015625
962	173341.453125
963	173274.984375
964	173208.5
965	173142.125
966	173075.71875
967	173009.375
968	172943.0625
969	172876.8125
970	172810.53125
971	172744.328125
972	172678.1875
973	172612.0
974	172545.796875
975	172479.5625
976	172413.34375
977	172347.140625
978	172280.90625
979	172214.6875
980	172148.53125
981	172082.4375
982	172016.375
983	171950.375
984	171884.4375
985	171818.5625
986	171752.640625
987	171686.796875
988	171620.875
989	171555.0
990	171489.125
991	171423.125
992	171357.15625
993	171291.171875
994	171225.21875
995	171159.25
996	171093.390625
997	171027.40625
998	170961.453125
999	170895.546875
1000	170829.6875
1001	170763.875
1002	170698.0
1003	170632.09375
1004	170566.234375
1005	170500.34375
1006	170434.34375
1007	170368.34375
1008	170302.28125
1009	170236.25
1010	170170.21875
1011	170104.1875
1012	170038.0625
1013	169971.9375
1014	169905.8125
1015	169839.765625
1016	169773.6875
1017	169707.65625
1018	169641.71875
1019	169575.71875
1020	169509.6875
1021	169443.625
1022	169377.5
1023	169311.40625
1024	169245.28125
1025	169179.1875
1026	169113.0
1027	169046.828125
1028	168980.625
1029	168914.375
1030	168848.125
1031	168781.890625
1032	168715.640625
1033	168649.390625
1034	168583.1875
1035	168517.046875
1036	168450.875
1037	168384.6875
1038	168318.484375
1039	168252.25
1040	168186.03125
1041	168119.875
1042	168053.765625
1043	167987.734375
1044	167921.6875
1045	167855.78125
1046	167789.84375
1047	167723.875
1048	167657.90625
1049	167591.96875
1050	167526.0625
1051	167460.21875
1052	167394.34375
1053	167328.5
1054	167262.765625
1055	167197.09375
1056	167131.421875
1057	167065.84375
1058	167000.34375
1059	166934.96875
1060	166869.59375
1061	166804.21875
1062	166738.875
1063	166673.59375
1064	166608.265625
1065	166542.9375
1066	166477.546875
1067	166412.3125
1068	166347.0625
1069	166281.765625
1070	166216.46875
1071	166151.15625
1072	166085.875
1073	166020.515625
1074	165955.171875
1075	165889.875
1076	165824.484375
1077	165759.09375
1078	165693.765625
1079	165628.5
1080	165563.375
1081	165498.21875
1082	165433.09375
1083	165367.96875
1084	165302.796875
1085	165237.5625
1086	165172.375
1087	165107.171875
1088	165042.015625
1089	164976.90625
1090	164911.796875
1091	164846.71875
1092	164781.578125
1093	164716.5
1094	164651.46875
1095	164586.3125
1096	164521.15625
1097	164456.015625
1098	164390.875
1099	164325.71875
1100	164260.671875
1101	164195.6875
1102	164130.71875
1103	164065.71875
1104	164000.6875
1105	163935.65625
1106	163870.625
1107	163805.671875
1108	163740.703125
1109	163675.78125
1110	163610.875
1111	163545.90625
1112	163481.046875
1113	163416.1875
1114	163351.28125
1115	163286.375
1116	163221.34375
1117	163156.234375
1118	163091.1875
1119	163026.0625
1120	162960.984375
1121	162895.9375
1122	162830.9375
1123	162765.96875
1124	162700.953125
1125	162636.0
1126	162570.984375
1127	162506.046875
1128	162441.15625
1129	162376.28125
1130	162311.375
1131	162246.6875
1132	162181.96875
1133	162117.203125
1134	162052.5625
1135	161987.96875
1136	161923.4375
1137	161859.046875
1138	161794.59375
1139	161730.1875
1140	161665.796875
1141	161601.46875
1142	161537.078125
1143	161472.75
1144	161408.421875
1145	161344.1875
1146	161279.9375
1147	161215.734375
1148	161151.546875
1149	161087.34375
1150	161023.078125
1151	160958.875
1152	160894.703125
1153	160830.625
1154	160766.5
1155	160702.359375
1156	160638.28125
1157	160574.203125
1158	160510.15625
1159	160446.125
1160	160382.1875
1161	160318.28125
1162	160254.34375
1163	160190.421875
1164	160126.5
1165	160062.59375
1166	159998.78125
1167	159935.03125
1168	159871.3125
1169	159807.65625
1170	159744.09375
1171	159680.65625
1172	159617.1875
1173	159553.65625
1174	159490.25
1175	159426.875
1176	159363.546875
1177	159300.25
1178	159236.921875
1179	159173.6875
1180	159110.59375
1181	159047.5625
1182	158984.484375
1183	158921.40625
1184	158858.34375
1185	158795.328125
1186	158732.28125
1187	158669.359375
1188	158606.5
1189	158543.65625
1190	158480.84375
1191	158418.03125
1192	158355.25
1193	158292.53125
1194	158230.03125
1195	158167.53125
1196	158105.21875
1197	158042.90625
1198	157980.75
1199	157918.59375
1200	157856.5625
1201	157794.5625
1202	157732.640625
1203	157670.75
1204	157608.9375
1205	157547.25
1206	157485.625
1207	157424.09375
1208	157362.65625
1209	157301.28125
1210	157239.984375
1211	157178.796875
1212	157117.71875
1213	157056.8125
1214	156995.9375
1215	156935.125
1216	156874.40625
1217	156813.78125
1218	156753.234375
1219	156692.8125
1220	156632.453125
1221	156572.09375
1222	156511.875
1223	156451.65625
1224	156391.484375
1225	156331.3125
1226	156271.1875
1227	156211.109375
1228	156151.03125
1229	156091.015625
1230	156031.03125
1231	155971.125
1232	155911.25
1233	155851.4375
1234	155791.71875
1235	155732.0625
1236	155672.453125
1237	155612.875
1238	155553.375
1239	155493.984375
1240	155434.578125
1241	155375.21875
1242	155315.859375
1243	155256.59375
1244	155197.40625
1245	155138.25
1246	155079.15625
1247	155020.1875
1248	154961.265625
1249	154902.4375
1250	154843.65625
1251	154784.890625
1252	154726.3125
1253	154667.875
1254	154609.46875
1255	154551.125
1256	154492.890625
1257	154434.65625
1258	154376.546875
1259	154318.453125
1260	154260.46875
1261	154202.484375
1262	154144.5
1263	154086.5625
1264	154028.6875
1265	153970.875
1266	153913.15625
1267	153855.5
1268	153797.921875
1269	153740.40625
1270	153682.96875
1271	153625.578125
1272	153568.1875
1273	153510.984375
1274	153453.71875
1275	153396.5
1276	153339.375
1277	153282.28125
1278	153225.28125
1279	153168.34375
1280	153111.453125
1281	153054.65625
1282	152997.84375
1283	152941.046875
1284	152884.28125
1285	152827.5625
1286	152770.875
1287	152714.203125
1288	152657.625
1289	152601.078125
1290	152544.546875
1291	152488.09375
1292	152431.671875
1293	152375.296875
1294	152319.03125
1295	152262.75
1296	152206.5625
1297	152150.453125
1298	152094.46875
1299	152038.5
1300	151982.5625
1301	151926.625
1302	151870.71875
1303	151814.90625
1304	151759.125
1305	151703.359375
1306	151647.640625
1307	151592.0
1308	151536.390625
1309	151480.8125
1310	151425.28125
1311	151369.84375
1312	151314.34375
1313	151258.890625
1314	151203.46875
1315	151148.03125
1316	151092.59375
1317	151037.265625
1318	150982.03125
1319	150926.765625
1320	150871.5625
1321	150816.34375
1322	150761.1875
1323	150706.078125
1324	150651.0625
1325	150595.984375
1326	150540.953125
1327	150486.0
1328	150431.0625
1329	150376.21875
1330	150321.375
1331	150266.65625
1332	150211.859375
1333	150157.21875
1334	150102.59375
1335	150047.96875
1336	149993.359375
1337	149938.765625
1338	149884.21875
1339	149829.78125
1340	149775.3125
1341	149720.875
1342	149666.453125
1343	149612.09375
1344	149557.8125
1345	149503.546875
1346	149449.3125
1347	149395.09375
1348	149340.90625
1349	149286.6875
1350	149232.46875
1351	149178.3125
1352	149124.1875
1353	149070.09375
1354	149015.96875
1355	148961.96875
1356	148907.875
1357	148853.828125
1358	148799.78125
1359	148745.765625
1360	148691.71875
1361	148637.703125
1362	148583.71875
1363	148529.75
1364	148475.78125
1365	148421.875
1366	148368.03125
1367	148314.125
1368	148260.21875
1369	148206.375
1370	148152.59375
1371	148098.796875
1372	148045.09375
1373	147991.390625
1374	147937.703125
1375	147884.0625
1376	147830.390625
1377	147776.6875
1378	147723.0625
1379	147669.375
1380	147615.6875
1381	147562.09375
1382	147508.453125
1383	147454.84375
1384	147401.3125
1385	147347.765625
1386	147294.234375
1387	147240.65625
1388	147187.09375
1389	147133.53125
1390	147080.0
1391	147026.46875
1392	146972.96875
1393	146919.46875
1394	146865.9375
1395	146812.375
1396	146758.765625
1397	146705.125
1398	146651.4375
1399	146597.78125
1400	146544.046875
1401	146490.234375
1402	146436.4375
1403	146382.6875
1404	146329.0
1405	146275.21875
1406	146221.46875
1407	146167.78125
1408	146114.125
1409	146060.4375
1410	146006.75
1411	145953.15625
1412	145899.5
1413	145845.890625
1414	145792.296875
1415	145738.6875
1416	145685.0625
1417	145631.46875
1418	145577.875
1419	145524.25
1420	145470.625
1421	145416.9375
1422	145363.296875
1423	145309.59375
1424	145255.875
1425	145202.15625
1426	145148.46875
1427	145094.78125
1428	145041.109375
1429	144987.421875
1430	144933.78125
1431	144880.0625
1432	144826.375
1433	144772.6875
1434	144719.09375
1435	144665.375
1436	144611.703125
1437	144557.96875
1438	144504.3125
1439	144450.5625
1440	144396.828125
1441	144343.03125
1442	144289.203125
1443	144235.3125
1444	144181.453125
1445	144127.578125
1446	144073.734375
1447	144019.84375
1448	143965.921875
1449	143912.0
1450	143858.09375
1451	143804.1875
1452	143750.3125
1453	143696.46875
1454	143642.59375
1455	143588.796875
1456	143535.046875
1457	143481.34375
1458	143427.6875
1459	143374.0
1460	143320.40625
1461	143266.796875
1462	143213.21875
1463	143159.6875
1464	143106.1875
1465	143052.65625
1466	142999.15625
1467	142945.71875
1468	142892.28125
1469	142838.859375
1470	142785.46875
1471	142732.09375
1472	142678.734375
1473	142625.375
1474	142572.0625
1475	142518.71875
1476	142465.4375
1477	142412.25
1478	142359.0625
1479	142305.96875
1480	142252.875
1481	142199.8125
1482	142146.75
1483	142093.71875
1484	142040.71875
1485	141987.71875
1486	141934.765625
1487	141881.875
1488	141829.0
1489	141776.15625
1490	141723.3125
1491	141670.5
1492	141617.65625
1493	141564.78125
1494	141511.875
1495	141459.0
1496	141406.15625
1497	141353.3125
1498	141300.46875
1499	141247.671875
1500	141194.921875
1501	141142.234375
1502	141089.5625
1503	141036.90625
1504	140984.25
1505	140931.65625
1506	140879.015625
1507	140826.375
1508	140773.6875
1509	140720.984375
1510	140668.375
1511	140615.75
1512	140563.234375
1513	140510.71875
1514	140458.25
1515	140405.84375
1516	140353.34375
1517	140300.90625
1518	140248.40625
1519	140195.90625
1520	140143.4375
1521	140091.0625
1522	140038.640625
1523	139986.21875
1524	139933.75
1525	139881.34375
1526	139828.96875
1527	139776.625
1528	139724.328125
1529	139672.0
1530	139619.6875
1531	139567.453125
1532	139515.203125
1533	139463.03125
1534	139410.90625
1535	139358.84375
1536	139306.796875
1537	139254.828125
1538	139202.875
1539	139151.03125
1540	139099.171875
1541	139047.28125
1542	138995.4375
1543	138943.640625
1544	138891.875
1545	138840.15625
1546	138788.375
1547	138736.671875
1548	138685.03125
1549	138633.40625
1550	138581.84375
1551	138530.28125
1552	138478.8125
1553	138427.375
1554	138376.0
1555	138324.703125
1556	138273.40625
1557	138222.15625
1558	138170.9375
1559	138119.765625
1560	138068.609375
1561	138017.5
1562	137966.40625
1563	137915.328125
1564	137864.28125
1565	137813.3125
1566	137762.4375
1567	137711.53125
1568	137660.6875
1569	137609.828125
1570	137559.0
1571	137508.234375
1572	137457.46875
1573	137406.75
1574	137356.15625
1575	137305.5625
1576	137255.0625
1577	137204.59375
1578	137154.1875
1579	137103.75
1580	137053.375
1581	137002.96875
1582	136952.53125
1583	136902.1875
1584	136851.84375
1585	136801.53125
1586	136751.28125
1587	136701.0625
1588	136650.859375
1589	136600.6875
1590	136550.59375
1591	136500.5
1592	136450.515625
1593	136400.5625
1594	136350.65625
1595	136300.8125
1596	136251.09375
1597	136201.40625
1598	136151.765625
1599	136102.1875
1600	136052.75
1601	136003.34375
1602	135953.984375
1603	135904.625
1604	135855.375
1605	135806.125
1606	135756.96875
1607	135707.8125
1608	135658.75
1609	135609.6875
1610	135560.78125
1611	135511.875
1612	135463.046875
1613	135414.3125
1614	135365.640625
1615	135316.984375
1616	135268.375
1617	135219.859375
1618	135171.421875
1619	135123.015625
1620	135074.65625
1621	135026.328125
1622	134978.0625
1623	134929.8125
1624	134881.578125
1625	134833.375
1626	134785.234375
1627	134737.09375
1628	134689.0625
1629	134641.09375
1630	134593.0625
1631	134545.09375
1632	134497.234375
1633	134449.375
1634	134401.625
1635	134353.890625
1636	134306.15625
1637	134258.4375
1638	134210.75
1639	134163.078125
1640	134115.484375
1641	134067.9375
1642	134020.4375
1643	133973.0
1644	133925.640625
1645	133878.25
1646	133830.90625
1647	133783.59375
1648	133736.359375
1649	133689.1875
1650	133642.015625
1651	133594.875
1652	133547.765625
1653	133500.625
1654	133453.53125
1655	133406.5
1656	133359.484375
1657	133312.46875
1658	133265.515625
1659	133218.640625
1660	133171.8125
1661	133125.03125
1662	133078.328125
1663	133031.703125
1664	132985.09375
1665	132938.59375
1666	132892.09375
1667	132845.625
1668	132799.21875
1669	132752.9375
1670	132706.6875
1671	132660.5625
1672	132614.46875
1673	132568.453125
1674	132522.515625
1675	132476.5625
1676	132430.6875
1677	132384.90625
1678	132339.15625
1679	132293.4375
1680	132247.8125
1681	132202.265625
1682	132156.71875
1683	132111.25
1684	132065.796875
1685	132020.40625
1686	131975.046875
1687	131929.6875
1688	131884.40625
1689	131839.15625
1690	131793.921875
1691	131748.71875
1692	131703.59375
1693	131658.59375
1694	131613.53125
1695	131568.5625
1696	131523.609375
1697	131478.703125
1698	131433.875
1699	131389.0625
1700	131344.3125
1701	131299.59375
1702	131254.921875
1703	131210.25
1704	131165.71875
1705	131121.1875
1706	131076.75
1707	131032.328125
1708	130988.0078125
1709	130943.734375
1710	130899.5625
1711	130855.421875
1712	130811.4140625
1713	130767.453125
1714	130723.578125
1715	130679.734375
1716	130635.8828125
1717	130592.109375
1718	130548.40625
1719	130504.7734375
1720	130461.1875
1721	130417.65625
1722	130374.1796875
1723	130330.7890625
1724	130287.4609375
1725	130244.1484375
1726	130200.9375
1727	130157.8046875
1728	130114.6875
1729	130071.59375
1730	130028.59375
1731	129985.609375
1732	129942.625
1733	129899.6796875
1734	129856.71875
1735	129813.84375
1736	129771.0
1737	129728.171875
1738	129685.40625
1739	129642.703125
1740	129600.0703125
1741	129557.5
1742	129514.9375
1743	129472.390625
1744	129429.890625
1745	129387.4375
1746	129345.015625
1747	129302.6171875
1748	129260.2109375
1749	129217.890625
1750	129175.609375
1751	129133.3515625
1752	129091.125
1753	129048.90625
1754	129006.7265625
1755	128964.59375
1756	128922.515625
1757	128880.5
1758	128838.5078125
1759	128796.5390625
1760	128754.640625
1761	128712.8125
1762	128671.0
1763	128629.234375
1764	128587.5625
1765	128545.9609375
1766	128504.3671875
1767	128462.78125
1768	128421.3125
1769	128379.8984375
1770	128338.5
1771	128297.140625
1772	128255.875
1773	128214.640625
1774	128173.4375
1775	128132.34375
1776	128091.265625
1777	128050.21875
1778	128009.203125
1779	127968.21875
1780	127927.234375
1781	127886.3046875
1782	127845.46875
1783	127804.65625
1784	127763.8984375
1785	127723.15625
1786	127682.484375
1787	127641.828125
1788	127601.234375
1789	127560.703125
1790	127520.21875
1791	127479.7734375
1792	127439.375
1793	127399.03125
1794	127358.6484375
1795	127318.3125
1796	127277.984375
1797	127237.6953125
1798	127197.515625
1799	127157.390625
1800	127117.265625
1801	127077.1875
1802	127037.1953125
1803	126997.1640625
1804	126957.171875
1805	126917.21875
1806	126877.3125
1807	126837.4765625
1808	126797.6328125
1809	126757.8125
1810	126718.0
1811	126678.21875
1812	126638.53125
1813	126598.84375
1814	126559.140625
1815	126519.4765625
1816	126479.84375
1817	126440.234375
1818	126400.65625
1819	126361.1171875
1820	126321.640625
1821	126282.234375
1822	126242.8046875
1823	126203.3984375
1824	126164.0078125
1825	126124.625
1826	126085.265625
1827	126045.9296875
1828	126006.625
1829	125967.3515625
1830	125928.109375
1831	125888.890625
1832	125849.6796875
1833	125810.5
1834	125771.328125
1835	125732.15625
1836	125693.0
1837	125653.875
1838	125614.8515625
1839	125575.875
1840	125536.9609375
1841	125498.1171875
1842	125459.390625
1843	125420.71875
1844	125382.09375
1845	125343.5390625
1846	125305.046875
1847	125266.625
1848	125228.2265625
1849	125189.84375
1850	125151.5078125
1851	125113.1796875
1852	125074.953125
1853	125036.765625
1854	124998.5859375
1855	124960.40625
1856	124922.3046875
1857	124884.2578125
1858	124846.28125
1859	124808.40625
1860	124770.515625
1861	124732.6953125
1862	124694.953125
1863	124657.234375
1864	124619.53125
1865	124581.9375
1866	124544.375
1867	124506.90625
1868	124469.484375
1869	124432.1328125
1870	124394.859375
1871	124357.546875
1872	124320.2734375
1873	124283.09375
1874	124245.921875
1875	124208.8125
1876	124171.7890625
1877	124134.859375
1878	124097.9453125
1879	124061.046875
1880	124024.21875
1881	123987.3828125
1882	123950.625
1883	123913.921875
1884	123877.3125
1885	123840.703125
1886	123804.1875
1887	123767.734375
1888	123731.421875
1889	123695.125
1890	123658.890625
1891	123622.6953125
1892	123586.578125
1893	123550.484375
1894	123514.4375
1895	123478.515625
1896	123442.625
1897	123406.828125
1898	123371.109375
1899	123335.421875
1900	123299.765625
1901	123264.171875
1902	123228.578125
1903	123193.0546875
1904	123157.5625
1905	123122.140625
1906	123086.828125
1907	123051.515625
1908	123016.234375
1909	122980.953125
1910	122945.7421875
1911	122910.578125
1912	122875.4765625
1913	122840.3984375
1914	122805.421875
1915	122770.4375
1916	122735.546875
1917	122700.703125
1918	122665.9375
1919	122631.1640625
1920	122596.46875
1921	122561.8125
1922	122527.21875
1923	122492.6328125
1924	122458.1875
1925	122423.78125
1926	122389.46875
1927	122355.21875
1928	122320.984375
1929	122286.78125
1930	122252.640625
1931	122218.5703125
1932	122184.515625
1933	122150.5390625
1934	122116.5546875
1935	122082.5625
1936	122048.6171875
1937	122014.65625
1938	121980.703125
1939	121946.7578125
1940	121912.875
1941	121879.03125
1942	121845.21875
1943	121811.453125
1944	121777.6796875
1945	121743.953125
1946	121710.25
1947	121676.65625
1948	121643.0546875
1949	121609.453125
1950	121575.890625
1951	121542.390625
1952	121508.9453125
1953	121475.5
1954	121442.1328125
1955	121408.84375
1956	121375.640625
1957	121342.5390625
1958	121309.484375
1959	121276.46875
1960	121243.546875
1961	121210.6484375
1962	121177.828125
1963	121145.03125
1964	121112.3125
1965	121079.625
1966	121046.984375
1967	121014.3984375
1968	120981.90625
1969	120949.484375
1970	120917.1015625
1971	120884.7890625
1972	120852.5
1973	120820.2578125
1974	120788.0625
1975	120755.984375
1976	120723.9375
1977	120691.953125
1978	120660.078125
1979	120628.25
1980	120596.46875
1981	120564.734375
1982	120533.1328125
1983	120501.578125
1984	120470.09375
1985	120438.640625
1986	120407.234375
1987	120375.875
1988	120344.546875
1989	120313.25
1990	120282.0
1991	120250.78125
1992	120219.578125
1993	120188.4375
1994	120157.34375
1995	120126.3125
1996	120095.3359375
1997	120064.453125
1998	120033.5703125
1999	120002.765625
2000	119972.015625
2001	119941.265625
2002	119910.59375
2003	119879.9765625
2004	119849.4453125
2005	119818.9375
2006	119788.46875
2007	119758.015625
2008	119727.625
2009	119697.2421875
2010	119666.875
2011	119636.640625
2012	119606.3984375
2013	119576.2109375
2014	119546.09375
2015	119516.0
2016	119485.9453125
2017	119455.9375
2018	119425.9765625
2019	119396.078125
2020	119366.2265625
2021	119336.40625
2022	119306.6171875
2023	119276.890625
2024	119247.203125
2025	119217.5625
2026	119187.96875
2027	119158.390625
2028	119128.828125
2029	119099.34375
2030	119069.921875
2031	119040.546875
2032	119011.1328125
2033	118981.75
2034	118952.421875
2035	118923.1328125
2036	118893.90625
2037	118864.734375
2038	118835.6171875
2039	118806.546875
2040	118777.5234375
2041	118748.5625
2042	118719.6328125
2043	118690.734375
2044	118661.796875
2045	118632.9453125
2046	118604.15625
2047	118575.375
2048	118546.5859375
2049	118517.875
2050	118489.171875
2051	118460.546875
2052	118431.9609375
2053	118403.421875
2054	118374.90625
2055	118346.46875
2056	118318.03125
2057	118289.640625
2058	118261.296875
2059	118233.015625
2060	118204.75
2061	118176.546875
2062	118148.3984375
2063	118120.2734375
2064	118092.21875
2065	118064.1953125
2066	118036.234375
2067	118008.296875
2068	117980.4140625
2069	117952.6328125
2070	117924.875
2071	117897.1953125
2072	117869.5078125
2073	117841.90625
2074	117814.34375
2075	117786.84375
2076	117759.375
2077	117732.0
2078	117704.640625
2079	117677.328125
2080	117650.0625
2081	117622.8671875
2082	117595.703125
2083	117568.6015625
2084	117541.546875
2085	117514.515625
2086	117487.5390625
2087	117460.5859375
2088	117433.65625
2089	117406.78125
2090	117379.921875
2091	117353.109375
2092	117326.3515625
2093	117299.59375
2094	117272.90625
2095	117246.21875
2096	117219.609375
2097	117193.03125
2098	117166.5
2099	117140.0234375
2100	117113.6171875
2101	117087.2578125
2102	117060.953125
2103	117034.6875
2104	117008.484375
2105	116982.2890625
2106	116956.171875
2107	116930.0859375
2108	116904.03125
2109	116878.046875
2110	116852.1015625
2111	116826.21875
2112	116800.3671875
2113	116774.546875
2114	116748.71875
2115	116722.9296875
2116	116697.1484375
2117	116671.421875
2118	116645.71875
2119	116620.1015625
2120	116594.46875
2121	116568.8984375
2122	116543.328125
2123	116517.78125
2124	116492.234375
2125	116466.7265625
2126	116441.2265625
2127	116415.734375
2128	116390.2578125
2129	116364.84375
2130	116339.453125
2131	116314.078125
2132	116288.75
2133	116263.4140625
2134	116238.140625
2135	116212.859375
2136	116187.625
2137	116162.4140625
2138	116137.25
2139	116112.078125
2140	116086.9296875
2141	116061.84375
2142	116036.8125
2143	116011.78125
2144	115986.8125
2145	115961.8203125
2146	115936.8984375
2147	115912.0234375
2148	115887.1953125
2149	115862.40625
2150	115837.640625
2151	115812.9140625
2152	115788.203125
2153	115763.53125
2154	115738.9453125
2155	115714.359375
2156	115689.8515625
2157	115665.34375
2158	115640.890625
2159	115616.4609375
2160	115592.0859375
2161	115567.75
2162	115543.5
2163	115519.296875
2164	115495.125
2165	115470.9765625
2166	115446.8203125
2167	115422.7109375
2168	115398.59375
2169	115374.484375
2170	115350.4375
2171	115326.3984375
2172	115302.40625
2173	115278.453125
2174	115254.53125
2175	115230.640625
2176	115206.75
2177	115182.921875
2178	115159.109375
2179	115135.328125
2180	115111.578125
2181	115087.8671875
2182	115064.1875
2183	115040.546875
2184	115016.96875
2185	114993.40625
2186	114969.875
2187	114946.34375
2188	114922.890625
2189	114899.4375
2190	114876.046875
2191	114852.671875
2192	114829.28125
2193	114805.9140625
2194	114782.6015625
2195	114759.2890625
2196	114736.015625
2197	114712.75
2198	114689.5078125
2199	114666.3125
2200	114643.15625
2201	114620.09375
2202	114597.0
2203	114573.984375
2204	114551.0078125
2205	114528.078125
2206	114505.1796875
2207	114482.296875
2208	114459.421875
2209	114436.546875
2210	114413.7265625
2211	114390.9375
2212	114368.140625
2213	114345.34375
2214	114322.578125
2215	114299.875
2216	114277.140625
2217	114254.46875
2218	114231.78125
2219	114209.1015625
2220	114186.40625
2221	114163.75
2222	114141.1484375
2223	114118.53125
2224	114095.96875
2225	114073.4609375
2226	114050.9765625
2227	114028.4609375
2228	114006.03125
2229	113983.640625
2230	113961.2734375
2231	113938.921875
2232	113916.6015625
2233	113894.2890625
2234	113872.03125
2235	113849.734375
2236	113827.453125
2237	113805.1875
2238	113782.953125
2239	113760.7265625
2240	113738.484375
2241	113716.25
2242	113694.0703125
2243	113671.9296875
2244	113649.7734375
2245	113627.671875
2246	113605.578125
2247	113583.46875
2248	113561.390625
2249	113539.3359375
2250	113517.3203125
2251	113495.3125
2252	113473.328125
2253	113451.390625
2254	113429.484375
2255	113407.625
2256	113385.796875
2257	113364.03125
2258	113342.25
2259	113320.515625
2260	113298.796875
2261	113277.1015625
2262	113255.4375
2263	113233.8359375
2264	113212.25
2265	113190.703125
2266	113169.171875
2267	113147.703125
2268	113126.234375
2269	113104.7734375
2270	113083.359375
2271	113061.953125
2272	113040.578125
2273	113019.1953125
2274	112997.859375
2275	112976.546875
2276	112955.25
2277	112933.9765625
2278	112912.6875
2279	112891.453125
2280	112870.1796875
2281	112848.9296875
2282	112827.71875
2283	112806.5234375
2284	112785.34375
2285	112764.171875
2286	112743.0
2287	112721.8828125
2288	112700.78125
2289	112679.7578125
2290	112658.7578125
2291	112637.796875
2292	112616.875
2293	112595.96875
2294	112575.078125
2295	112554.21875
2296	112533.375
2297	112512.546875
2298	112491.71875
2299	112470.921875
2300	112450.125
2301	112429.375
2302	112408.65625
2303	112387.9375
2304	112367.28125
2305	112346.65625
2306	112326.03125
2307	112305.4375
2308	112284.890625
2309	112264.34375
2310	112243.859375
2311	112223.359375
2312	112202.875
2313	112182.421875
2314	112161.9921875
2315	112141.59375
2316	112121.203125
2317	112100.796875
2318	112080.46875
2319	112060.125
2320	112039.8203125
2321	112019.546875
2322	111999.3125
2323	111979.0546875
2324	111958.8203125
2325	111938.546875
2326	111918.3046875
2327	111898.09375
2328	111877.921875
2329	111857.7265625
2330	111837.5625
2331	111817.4375
2332	111797.3125
2333	111777.2265625
2334	111757.1328125
2335	111737.0703125
2336	111717.0
2337	111696.9453125
2338	111676.9375
2339	111656.9375
2340	111636.984375
2341	111617.046875
2342	111597.125
2343	111577.2265625
2344	111557.359375
2345	111537.515625
2346	111517.6640625
2347	111497.84375
2348	111478.0625
2349	111458.296875
2350	111438.53125
2351	111418.7890625
2352	111399.078125
2353	111379.3984375
2354	111359.6953125
2355	111340.046875
2356	111320.40625
2357	111300.8046875
2358	111281.2421875
2359	111261.71875
2360	111242.1953125
2361	111222.7109375
2362	111203.34375
2363	111183.9296875
2364	111164.578125
2365	111145.28125
2366	111125.984375
2367	111106.765625
2368	111087.5625
2369	111068.359375
2370	111049.21875
2371	111030.1328125
2372	111011.078125
2373	110992.046875
2374	110973.0703125
2375	110954.09375
2376	110935.171875
2377	110916.25
2378	110897.375
2379	110878.53125
2380	110859.7265625
2381	110840.921875
2382	110822.171875
2383	110803.421875
2384	110784.6875
2385	110765.96875
2386	110747.25
2387	110728.5703125
2388	110709.90625
2389	110691.21875
2390	110672.546875
2391	110653.9375
2392	110635.3125
2393	110616.71875
2394	110598.109375
2395	110579.53125
2396	110560.9453125
2397	110542.390625
2398	110523.84375
2399	110505.3359375
2400	110486.828125
2401	110468.3359375
2402	110449.859375
2403	110431.3984375
2404	110412.96875
2405	110394.515625
2406	110376.125
2407	110357.703125
2408	110339.2421875
2409	110320.84375
2410	110302.4609375
2411	110284.0625
2412	110265.6953125
2413	110247.359375
2414	110229.0390625
2415	110210.765625
2416	110192.5234375
2417	110174.296875
2418	110156.09375
2419	110137.921875
2420	110119.78125
2421	110101.640625
2422	110083.546875
2423	110065.46875
2424	110047.40625
2425	110029.359375
2426	110011.3359375
2427	109993.3125
2428	109975.3125
2429	109957.328125
2430	109939.390625
2431	109921.4453125
2432	109903.53125
2433	109885.640625
2434	109867.7578125
2435	109849.890625
2436	109832.03125
2437	109814.15625
2438	109796.328125
2439	109778.5234375
2440	109760.71875
2441	109742.9296875
2442	109725.15625
2443	109707.390625
2444	109689.6484375
2445	109671.9296875
2446	109654.2265625
2447	109636.53125
2448	109618.828125
2449	109601.15625
2450	109583.5
2451	109565.796875
2452	109548.125
2453	109530.484375
2454	109512.859375
2455	109495.2578125
2456	109477.65625
2457	109460.046875
2458	109442.453125
2459	109424.84375
2460	109407.265625
2461	109389.703125
2462	109372.171875
2463	109354.609375
2464	109337.0859375
2465	109319.5703125
2466	109302.09375
2467	109284.625
2468	109267.171875
2469	109249.7421875
2470	109232.34375
2471	109214.953125
2472	109197.5859375
2473	109180.2265625
2474	109162.890625
2475	109145.578125
2476	109128.265625
2477	109110.953125
2478	109093.6796875
2479	109076.4140625
2480	109059.1484375
2481	109041.890625
2482	109024.671875
2483	109007.4921875
2484	108990.328125
2485	108973.171875
2486	108956.03125
2487	108938.90625
2488	108921.7890625
2489	108904.6953125
2490	108887.640625
2491	108870.5703125
2492	108853.546875
2493	108836.5
2494	108819.5078125
2495	108802.515625
2496	108785.515625
2497	108768.546875
2498	108751.578125
2499	108734.578125
2500	108717.59375
2501	108700.6328125
2502	108683.7109375
2503	108666.796875
2504	108649.8828125
2505	108632.96875
2506	108616.078125
2507	108599.15625
2508	108582.2890625
2509	108565.3984375
2510	108548.5234375
2511	108531.671875
2512	108514.84375
2513	108498.015625
2514	108481.171875
2515	108464.375
2516	108447.578125
2517	108430.8203125
2518	108414.0390625
2519	108397.3125
2520	108380.578125
2521	108363.828125
2522	108347.140625
2523	108330.4453125
2524	108313.765625
2525	108297.09375
2526	108280.46875
2527	108263.859375
2528	108247.28125
2529	108230.7109375
2530	108214.1640625
2531	108197.65625
2532	108181.15625
2533	108164.65625
2534	108148.15625
2535	108131.703125
2536	108115.28125
2537	108098.8046875
2538	108082.3671875
2539	108065.9296875
2540	108049.4921875
2541	108033.078125
2542	108016.65625
2543	108000.28125
2544	107983.875
2545	107967.515625
2546	107951.15625
2547	107934.8359375
2548	107918.53125
2549	107902.2578125
2550	107885.9609375
2551	107869.6875
2552	107853.4375
2553	107837.1875
2554	107820.9375
2555	107804.71875
2556	107788.46875
2557	107772.265625
2558	107756.0625
2559	107739.890625
2560	107723.734375
2561	107707.59375
2562	107691.46875
2563	107675.375
2564	107659.265625
2565	107643.1875
2566	107627.109375
2567	107611.0703125
2568	107595.0078125
2569	107579.0078125
2570	107563.015625
2571	107547.0234375
2572	107531.046875
2573	107515.0625
2574	107499.1171875
2575	107483.1875
2576	107467.2578125
2577	107451.3671875
2578	107435.4375
2579	107419.578125
2580	107403.6953125
2581	107387.84375
2582	107372.0078125
2583	107356.15625
2584	107340.3359375
2585	107324.5
2586	107308.6875
2587	107292.890625
2588	107277.109375
2589	107261.3359375
2590	107245.5625
2591	107229.84375
2592	107214.125
2593	107198.40625
2594	107182.734375
2595	107167.078125
2596	107151.421875
2597	107135.796875
2598	107120.1484375
2599	107104.578125
2600	107088.96875
2601	107073.390625
2602	107057.8203125
2603	107042.3125
2604	107026.78125
2605	107011.296875
2606	106995.796875
2607	106980.3203125
2608	106964.8984375
2609	106949.453125
2610	106934.015625
2611	106918.609375
2612	106903.25
2613	106887.859375
2614	106872.5078125
2615	106857.15625
2616	106841.8125
2617	106826.46875
2618	106811.125
2619	106795.78125
2620	106780.453125
2621	106765.1484375
2622	106749.859375
2623	106734.5703125
2624	106719.265625
2625	106703.953125
2626	106688.6640625
2627	106673.3828125
2628	106658.078125
2629	106642.796875
2630	106627.546875
2631	106612.265625
2632	106597.03125
2633	106581.7578125
2634	106566.5078125
2635	106551.265625
2636	106536.0234375
2637	106520.765625
2638	106505.515625
2639	106490.28125
2640	106475.03125
2641	106459.796875
2642	106444.5625
2643	106429.3515625
2644	106414.15625
2645	106398.953125
2646	106383.78125
2647	106368.625
2648	106353.4296875
2649	106338.2734375
2650	106323.09375
2651	106307.96875
2652	106292.84375
2653	106277.703125
2654	106262.5625
2655	106247.4453125
2656	106232.3359375
2657	106217.234375
2658	106202.140625
2659	106187.046875
2660	106171.96875
2661	106156.890625
2662	106141.8515625
2663	106126.8125
2664	106111.78125
2665	106096.765625
2666	106081.7578125
2667	106066.78125
2668	106051.765625
2669	106036.78125
2670	106021.8359375
2671	106006.890625
2672	105991.9296875
2673	105977.015625
2674	105962.09375
2675	105947.1640625
2676	105932.234375
2677	105917.3359375
2678	105902.421875
2679	105887.53125
2680	105872.6796875
2681	105857.828125
2682	105843.0
2683	105828.15625
2684	105813.328125
2685	105798.5
2686	105783.6796875
2687	105768.8515625
2688	105754.0546875
2689	105739.25
2690	105724.421875
2691	105709.640625
2692	105694.828125
2693	105680.03125
2694	105665.2421875
2695	105650.453125
2696	105635.671875
2697	105620.9140625
2698	105606.171875
2699	105591.4140625
2700	105576.65625
2701	105561.9375
2702	105547.2421875
2703	105532.5390625
2704	105517.84375
2705	105503.140625
2706	105488.5
2707	105473.8125
2708	105459.1640625
2709	105444.5390625
2710	105429.9375
2711	105415.328125
2712	105400.734375
2713	105386.140625
2714	105371.578125
2715	105357.015625
2716	105342.453125
2717	105327.921875
2718	105313.3984375
2719	105298.8984375
2720	105284.40625
2721	105269.9375
2722	105255.484375
2723	105241.015625
2724	105226.5859375
2725	105212.125
2726	105197.671875
2727	105183.21875
2728	105168.7890625
2729	105154.375
2730	105139.96875
2731	105125.5625
2732	105111.15625
2733	105096.75
2734	105082.3828125
2735	105068.03125
2736	105053.65625
2737	105039.328125
2738	105025.0078125
2739	105010.703125
2740	104996.359375
2741	104982.015625
2742	104967.6875
2743	104953.359375
2744	104939.0625
2745	104924.78125
2746	104910.5
2747	104896.21875
2748	104881.953125
2749	104867.6796875
2750	104853.4453125
2751	104839.21875
2752	104825.0
2753	104810.796875
2754	104796.609375
2755	104782.453125
2756	104768.296875
2757	104754.1328125
2758	104739.9453125
2759	104725.796875
2760	104711.640625
2761	104697.4921875
2762	104683.3671875
2763	104669.234375
2764	104655.109375
2765	104641.0
2766	104626.90625
2767	104612.8203125
2768	104598.71875
2769	104584.640625
2770	104570.59375
2771	104556.5
2772	104542.4375
2773	104528.390625
2774	104514.328125
2775	104500.2890625
2776	104486.265625
2777	104472.2265625
2778	104458.2109375
2779	104444.1875
2780	104430.1796875
2781	104416.1875
2782	104402.203125
2783	104388.21875
2784	104374.25
2785	104360.3046875
2786	104346.359375
2787	104332.421875
2788	104318.4921875
2789	104304.578125
2790	104290.65625
2791	104276.75
2792	104262.8671875
2793	104249.0
2794	104235.1171875
2795	104221.25
2796	104207.40625
2797	104193.546875
2798	104179.703125
2799	104165.875
2800	104152.046875
2801	104138.1875
2802	104124.3828125
2803	104110.5625
2804	104096.7578125
2805	104082.953125
2806	104069.15625
2807	104055.3515625
2808	104041.53125
2809	104027.765625
2810	104013.984375
2811	104000.171875
2812	103986.4296875
2813	103972.65625
2814	103958.921875
2815	103945.1875
2816	103931.421875
2817	103917.6875
2818	103903.9375
2819	103890.1953125
2820	103876.4609375
2821	103862.7421875
2822	103849.0390625
2823	103835.3359375
2824	103821.609375
2825	103807.90625
2826	103794.2109375
2827	103780.5
2828	103766.828125
2829	103753.15625
2830	103739.484375
2831	103725.8203125
2832	103712.1875
2833	103698.5546875
2834	103684.90625
2835	103671.28125
2836	103657.65625
2837	103644.046875
2838	103630.453125
2839	103616.859375
2840	103603.296875
2841	103589.6953125
2842	103576.09375
2843	103562.5390625
2844	103548.984375
2845	103535.453125
2846	103521.9296875
2847	103508.421875
2848	103494.90625
2849	103481.421875
2850	103467.953125
2851	103454.4765625
2852	103441.015625
2853	103427.5625
2854	103414.1015625
2855	103400.6640625
2856	103387.234375
2857	103373.796875
2858	103360.375
2859	103347.0
2860	103333.578125
2861	103320.1875
2862	103306.828125
2863	103293.421875
2864	103280.046875
2865	103266.6875
2866	103253.3125
2867	103239.96875
2868	103226.6328125
2869	103213.28125
2870	103199.9375
2871	103186.625
2872	103173.296875
2873	103159.9765625
2874	103146.671875
2875	103133.3671875
2876	103120.0625
2877	103106.765625
2878	103093.484375
2879	103080.203125
2880	103066.90625
2881	103053.671875
2882	103040.390625
2883	103027.15625
2884	103013.90625
2885	103000.65625
2886	102987.421875
2887	102974.1953125
2888	102960.9609375
2889	102947.734375
2890	102934.5
2891	102921.265625
2892	102908.03125
2893	102894.765625
2894	102881.53125
2895	102868.296875
2896	102855.0625
2897	102841.8125
2898	102828.6015625
2899	102815.375
2900	102802.140625
2901	102788.90625
2902	102775.6875
2903	102762.484375
2904	102749.265625
2905	102736.0703125
2906	102722.859375
2907	102709.6875
2908	102696.484375
2909	102683.3203125
2910	102670.1328125
2911	102656.9375
2912	102643.78125
2913	102630.609375
2914	102617.484375
2915	102604.34375
2916	102591.1953125
2917	102578.0625
2918	102564.921875
2919	102551.796875
2920	102538.65625
2921	102525.5390625
2922	102512.421875
2923	102499.2890625
2924	102486.203125
2925	102473.078125
2926	102459.984375
2927	102446.84375
2928	102433.75
2929	102420.625
2930	102407.5
2931	102394.3828125
2932	102381.2734375
2933	102368.1640625
2934	102355.078125
2935	102341.953125
2936	102328.8515625
2937	102315.75
2938	102302.640625
2939	102289.53125
2940	102276.4375
2941	102263.3203125
2942	102250.2421875
2943	102237.125
2944	102224.0390625
2945	102210.953125
2946	102197.84375
2947	102184.75
2948	102171.65625
2949	102158.546875
2950	102145.453125
2951	102132.375
2952	102119.28125
2953	102106.21875
2954	102093.15625
2955	102080.0625
2956	102067.0
2957	102053.9140625
2958	102040.875
2959	102027.84375
2960	102014.796875
2961	102001.7578125
2962	101988.75
2963	101975.703125
2964	101962.6640625
2965	101949.625
2966	101936.578125
2967	101923.5625
2968	101910.546875
2969	101897.53125
2970	101884.5
2971	101871.484375
2972	101858.46875
2973	101845.4375
2974	101832.4140625
2975	101819.375
2976	101806.34375
2977	101793.3359375
2978	101780.34375
2979	101767.3359375
2980	101754.3515625
2981	101741.3515625
2982	101728.359375
2983	101715.375
2984	101702.375
2985	101689.40625
2986	101676.4296875
2987	101663.453125
2988	101650.4921875
2989	101637.5234375
2990	101624.546875
2991	101611.59375
2992	101598.6328125
2993	101585.671875
2994	101572.71875
2995	101559.765625
2996	101546.8046875
2997	101533.84375
2998	101520.890625
2999	101507.9375
